Categoria,COD. ESTADO,UF,ESTADO,c3.0.00.00.00.00,c3.1.00.00.00.00,c3.1.30.00.00.00,c3.1.35.00.00.00,c3.1.36.00.00.00,c3.1.45.00.00.00,c3.1.46.00.00.00,c3.1.70.00.00.00,c3.1.71.00.00.00,c3.1.73.00.00.00,c3.1.74.00.00.00,c3.1.75.00.00.00,c3.1.76.00.00.00,c3.1.90.00.00.00,c3.1.90.01.00.00,c3.1.90.03.00.00,c3.1.90.04.00.00,c3.1.90.04.01.00,c3.1.90.04.99.00,c3.1.90.05.00.00,c3.1.90.07.00.00,c3.1.90.11.00.00,c3.1.90.11.01.00,c3.1.90.11.99.00,c3.1.90.12.00.00,c3.1.90.13.00.00,c3.1.90.16.00.00,c3.1.90.17.00.00,c3.1.90.91.00.00,c3.1.90.92.00.00,c3.1.90.92.01.00,c3.1.90.92.03.00,c3.1.90.92.04.00,c3.1.90.92.05.00,c3.1.90.92.07.00,c3.1.90.92.11.00,c3.1.90.92.12.00,c3.1.90.92.13.00,c3.1.90.92.16.00,c3.1.90.92.17.00,c3.1.90.92.91.00,c3.1.90.92.94.00,c3.1.90.92.96.00,c3.1.90.92.99.00,c3.1.90.94.00.00,c3.1.90.94.01.00,c3.1.90.94.02.00,c3.1.90.94.03.00,c3.1.90.94.04.00,c3.1.90.94.06.00,c3.1.90.94.13.00,c3.1.90.94.99.00,c3.1.90.96.00.00,c3.1.90.99.00.00,c3.1.91.00.00.00,c3.1.91.04.00.00,c3.1.91.13.00.00,c3.1.91.91.00.00,c3.1.91.94.00.00,c3.1.91.96.00.00,c3.1.91.99.00.00,c3.1.95.00.00.00,c3.1.96.00.00.00,c3.1.99.00.00.00,c3.2.00.00.00.00,c3.2.71.00.00.00,c3.2.73.00.00.00,c3.2.74.00.00.00,c3.2.90.00.00.00,c3.2.95.00.00.00,c3.2.96.00.00.00,c3.2.99.00.00.00,c3.3.00.00.00.00,c3.3.20.00.00.00,c3.3.30.00.00.00,c3.3.30.30.00.00,c3.3.30.30.01.00,c3.3.30.30.99.00,c3.3.30.99.00.00,c3.3.31.00.00.00,c3.3.32.00.00.00,c3.3.35.00.00.00,c3.3.36.00.00.00,c3.3.40.00.00.00,c3.3.40.30.00.00,c3.3.40.30.01.00,c3.3.40.30.99.00,c3.3.40.41.00.00,c3.3.40.81.00.00,c3.3.40.81.51.00,c3.3.40.81.52.00,c3.3.40.81.53.00,c3.3.40.81.54.00,c3.3.40.81.99.00,c3.3.40.91.00.00,c3.3.40.92.00.00,c3.3.40.93.00.00,c3.3.40.99.00.00,c3.3.41.00.00.00,c3.3.41.41.00.00,c3.3.41.92.00.00,c3.3.41.99.00.00,c3.3.42.00.00.00,c3.3.45.00.00.00,c3.3.46.00.00.00,c3.3.50.00.00.00,c3.3.50.39.00.00,c3.3.50.39.36.00,c3.3.50.39.36.01,c3.3.50.39.36.02,c3.3.50.39.36.03,c3.3.50.39.36.99,c3.3.50.39.50.00,c3.3.50.41.00.00,c3.3.50.43.00.00,c3.3.50.99.00.00,c3.3.60.00.00.00,c3.3.70.00.00.00,c3.3.71.00.00.00,c3.3.72.00.00.00,c3.3.73.00.00.00,c3.3.74.00.00.00,c3.3.75.00.00.00,c3.3.76.00.00.00,c3.3.90.00.00.00,c3.3.90.04.00.00,c3.3.90.04.01.00,c3.3.90.04.01.99,c3.3.90.04.99.00,c3.3.90.08.00.00,c3.3.90.14.00.00,c3.3.90.15.00.00,c3.3.90.18.00.00,c3.3.90.19.00.00,c3.3.90.20.00.00,c3.3.90.30.00.00,c3.3.90.30.01.00,c3.3.90.30.09.00,c3.3.90.30.09.01,c3.3.90.30.09.02,c3.3.90.30.10.00,c3.3.90.30.11.00,c3.3.90.30.16.00,c3.3.90.30.17.00,c3.3.90.30.20.00,c3.3.90.30.21.00,c3.3.90.30.23.00,c3.3.90.30.28.00,c3.3.90.30.35.00,c3.3.90.30.36.00,c3.3.90.30.36.01,c3.3.90.30.36.02,c3.3.90.30.39.00,c3.3.90.30.99.00,c3.3.90.31.00.00,c3.3.90.32.00.00,c3.3.90.33.00.00,c3.3.90.34.00.00,c3.3.90.34.01.00,c3.3.90.35.00.00,c3.3.90.36.00.00,c3.3.90.36.08.00,c3.3.90.36.30.00,c3.3.90.36.99.00,c3.3.90.37.00.00,c3.3.90.38.00.00,c3.3.90.39.00.00,c3.3.90.39.17.00,c3.3.90.39.43.00,c3.3.90.39.44.00,c3.3.90.39.47.00,c3.3.90.39.50.00,c3.3.90.39.50.01,c3.3.90.39.50.02,c3.3.90.39.50.99,c3.3.90.39.99.00,c3.3.90.41.00.00,c3.3.90.46.00.00,c3.3.90.47.00.00,c3.3.90.48.00.00,c3.3.90.48.06.00,c3.3.90.48.07.00,c3.3.90.48.99.00,c3.3.90.49.00.00,c3.3.90.67.00.00,c3.3.90.83.00.00,c3.3.90.91.00.00,c3.3.90.92.00.00,c3.3.90.93.00.00,c3.3.90.95.00.00,c3.3.90.96.00.00,c3.3.90.99.00.00,c3.3.91.00.00.00,c3.3.91.04.00.00,c3.3.91.30.00.00,c3.3.91.30.09.00,c3.3.91.30.10.00,c3.3.91.30.35.00,c3.3.91.30.36.00,c3.3.91.30.99.00,c3.3.91.32.00.00,c3.3.91.39.00.00,c3.3.91.39.17.00,c3.3.91.39.50.00,c3.3.91.47.00.00,c3.3.91.91.00.00,c3.3.91.92.00.00,c3.3.91.93.00.00,c3.3.91.96.00.00,c3.3.91.97.00.00,c3.3.91.99.00.00,c3.3.93.00.00.00,c3.3.93.30.00.00,c3.3.93.32.00.00,c3.3.93.39.00.00,c3.3.94.00.00.00,c3.3.94.30.00.00,c3.3.94.32.00.00,c3.3.94.39.00.00,c3.3.95.00.00.00,c3.3.96.00.00.00,c3.3.99.00.00.00,c4.0.00.00.00.00,c4.4.00.00.00.00,c4.4.20.00.00.00,c4.4.30.00.00.00,c4.4.31.00.00.00,c4.4.32.00.00.00,c4.4.35.00.00.00,c4.4.36.00.00.00,c4.4.40.00.00.00,c4.4.41.00.00.00,c4.4.42.00.00.00,c4.4.45.00.00.00,c4.4.46.00.00.00,c4.4.50.00.00.00,c4.4.70.00.00.00,c4.4.71.00.00.00,c4.4.72.00.00.00,c4.4.73.00.00.00,c4.4.74.00.00.00,c4.4.75.00.00.00,c4.4.76.00.00.00,c4.4.90.00.00.00,c4.4.90.04.00.00,c4.4.90.04.02.00,c4.4.90.04.08.00,c4.4.90.14.00.00,c4.4.90.15.00.00,c4.4.90.17.00.00,c4.4.90.18.00.00,c4.4.90.20.00.00,c4.4.90.30.00.00,c4.4.90.30.09.00,c4.4.90.30.10.00,c4.4.90.30.35.00,c4.4.90.30.36.00,c4.4.90.30.99.00,c4.4.90.33.00.00,c4.4.90.35.00.00,c4.4.90.36.00.00,c4.4.90.36.30.00,c4.4.90.36.99.00,c4.4.90.39.00.00,c4.4.90.47.00.00,c4.4.90.51.00.00,c4.4.90.52.00.00,c4.4.90.52.08.00,c4.4.90.52.99.00,c4.4.90.61.00.00,c4.4.90.91.00.00,c4.4.90.92.00.00,c4.4.90.93.00.00,c4.4.90.99.00.00,c4.4.91.00.00.00,c4.4.91.39.00.00,c4.4.91.51.00.00,c4.4.91.52.00.00,c4.4.91.52.08.00,c4.4.91.52.99.00,c4.4.91.91.00.00,c4.4.91.99.00.00,c4.4.95.00.00.00,c4.4.96.00.00.00,c4.4.99.00.00.00,c4.5.00.00.00.00,c4.5.20.00.00.00,c4.5.35.00.00.00,c4.5.36.00.00.00,c4.5.40.00.00.00,c4.5.42.00.00.00,c4.5.45.00.00.00,c4.5.46.00.00.00,c4.5.70.00.00.00,c4.5.71.00.00.00,c4.5.72.00.00.00,c4.5.73.00.00.00,c4.5.74.00.00.00,c4.5.90.00.00.00,c4.5.90.61.00.00,c4.5.90.62.00.00,c4.5.90.63.00.00,c4.5.90.64.00.00,c4.5.90.65.00.00,c4.5.90.66.00.00,c4.5.90.67.00.00,c4.5.90.82.00.00,c4.5.90.83.00.00,c4.5.90.91.00.00,c4.5.90.92.00.00,c4.5.90.93.00.00,c4.5.90.99.00.00,c4.5.91.00.00.00,c4.5.91.61.00.00,c4.5.91.91.00.00,c4.5.91.92.00.00,c4.5.91.99.00.00,c4.5.99.00.00.00,c4.6.00.00.00.00,c4.6.35.00.00.00,c4.6.36.00.00.00,c4.6.45.00.00.00,c4.6.46.00.00.00,c4.6.71.00.00.00,c4.6.73.00.00.00,c4.6.74.00.00.00,c4.6.90.00.00.00,c4.6.99.00.00.00,cACDO000001,cACDO000002,cACDO000003,cACDO000004,cACDO000005,cACDO000006,cACDO000007
Dotação Inicial,12,AC,Acre,6321811.33,,,,,,,,,,,,,,,,,,,,,,,,,,,,,,,,,,,,,,,,,,,,,,,,,,,,,,,,,,,,,,,,,,,,,,,,6321811.33,,,,,,,,,,,1606811.33,,,,865452.56,,,,,,,,741358.77,,,,,,,,,,,,,,,,,,,,,,,,,,,,,4715000.0,,,,,,15000.0,,,,,4500000.0,,,,,,,,,,,,,,,,,,4500000.0,,200000.0,,,,,,,,,,,,,,,,,,,,,,,,,,,,,,,,,,,,,,,,,,,,,,,,,,,,,,,,,,,,,,,,,,,,,,,,,,,,,,,,,,,,,,,,,,,,,,,,,,,,,,,,,,,,,,,,,,,,,,,,,,,,,,,,,,,,,,,,,,,,,,,,,,,,,,,,,,,,,,,,,,,,,,,,,,,,,6321811.33,,,,,,6321811.33
Dotação Inicial,27,AL,Alagoas,20172974.59,,,,,,,,,,,,,,,,,,,,,,,,,,,,,,,,,,,,,,,,,,,,,,,,,,,,,,,,,,,,,,,,,,,,,,,,20172974.59,,,,,,,,,,,9105000.35,,,,,,,,,,,,,,,9105000.35,9105000.35,,,,,,,,,,,,,,,,,,,,,,,,,11067974.24,,,,,,520009.0,,,,,235000.0,,,,,,,,,,,,,,,,,,235000.0,,,354000.0,,,,88810.0,,,88810.0,,,9851965.24,,,,,,,,,9851965.24,,,18190.0,,,,,,,,,,,,,,,,,,,,,,,,,,,,,,,,,,,,,,,,,,,,1389140.0,1389140.0,,,,,,,,,,,,,,,,,,,,1389140.0,,,,,,,,,,,,,,,,,,,,,,1389140.0,,,,,,,,,,,,,,,,,,,,,,,,,,,,,,,,,,,,,,,,,,,,,,,,,,,,,,,,,,,,,,,21562114.59,,,,,,21562114.59
Dotação Inicial,16,AP,Amapá ,50357506.0,50357506.0,,,,,,,,,,,,50357506.0,,,30857506.0,30857506.0,,,,,,,,,,,,19500000.0,,,,,,,,19500000.0,,,,,,,,,,,,,,,,,,,,,,,,,,,,,,,,,,,,,,,,,,,,,,,,,,,,,,,,,,,,,,,,,,,,,,,,,,,,,,,,,,,,,,,,,,,,,,,,,,,,,,,,,,,,,,,,,,,,,,,,,,,,,,,,,,,,,,,,,,,,,,,,,,,,,,,,,,,,,,,,,,,,,,,,,,,,,,,,,,,,,,,,,,,,,,,,,,,,,,,,,,,,,,,,,,,,,,,,,,,,,,,,,,,,,,,,,,,,,,,,,,,,,,,,,,,,,,,,,,,,,,,,,,,,,,,,,,,,,,,,,,,,,,,,,,,50357506.0,,,,,,50357506.0
Dotação Inicial,13,AM,Amazonas,50000.0,,,,,,,,,,,,,,,,,,,,,,,,,,,,,,,,,,,,,,,,,,,,,,,,,,,,,,,,,,,,,,,,,,,,,,,,50000.0,,,,,,,,,,,30000.0,,,,,,,,,,,,,,,30000.0,30000.0,,,,,,,,,,,,,,,,,,,,,,,,,20000.0,,,,,,,,,,,,,,,,,,,,,,,,,,,,,,,,,,,,,,,,,,20000.0,,,,,,,,,20000.0,,,,,,,,,,,,,,,,,,,,,,,,,,,,,,,,,,,,,,,,,,,,,,,,,,,,,,,,,,,,,,,,,,,,,,,,,,,,,,,,,,,,,,,,,,,,,,,,,,,,,,,,,,,,,,,,,,,,,,,,,,,,,,,,,,,,,,,,,,,,,,,,,,,,,,,,,50000.0,,,,,,50000.0
Dotação Inicial,29,BA,Bahia,75353000.0,,,,,,,,,,,,,,,,,,,,,,,,,,,,,,,,,,,,,,,,,,,,,,,,,,,,,,,,,,,,,,,,,,,,,,,,75353000.0,,,,,,,,,,,65300000.0,,,,,,,,,,,,,,,65300000.0,65300000.0,,,,,,400000.0,,,,,,,,,400000.0,,,,,,,,,,9653000.0,,,,,,44000.0,,,,,10000.0,,,,,,,,,,,,,,,,,,10000.0,,,66000.0,,,,,,,,,,9533000.0,,,,,,,,,9533000.0,,,,,,,,,,,,,,,,,,,,,,,,,,,,,,,,,,,,,,,,,,,,,,,5800000.0,5800000.0,,,,,,,,5800000.0,,,,,,,,,,,,,,,,,,,,,,,,,,,,,,,,,,,,,,,,,,,,,,,,,,,,,,,,,,,,,,,,,,,,,,,,,,,,,,,,,,,,,,,,,,,,,,,,,81153000.0,,,,,,81153000.0
Dotação Inicial,23,CE,Ceará,103405095.0,,,,,,,,,,,,,,,,,,,,,,,,,,,,,,,,,,,,,,,,,,,,,,,,,,,,,,,,,,,,,,,,,,,,,,,,103405095.0,,,,,,,,,,,30435000.0,,,,415000.0,,,,,,,,,,,30020000.0,30020000.0,,,,,,5000.0,,,,,,,,,,5000.0,,,,,,,,,72965095.0,,,,,,5000.0,,,,,,,,,,,,,,,,,,,,,,,,,,,,,150000.0,7485510.0,,,7485510.0,30000.0,,59178428.0,,,,,,,,,59178428.0,,,,,,,,,,,600000.0,5516157.0,,,,,,,,,,,,,,,,,,,,,,,,,,,,,,,,,,,1781125.0,1781125.0,,,,,,,593500.0,,,,,,,,,,,,,1187625.0,,,,,,,,,,,,,,,,,,,,1172625.0,,,15000.0,,15000.0,,,,,,,,,,,,,,,,,,,,,,,,,,,,,,,,,,,,,,,,,,,,,,,,,,,,,,,,,,,,105186220.0,,71796067.0,,71796067.0,,33390153.0
Dotação Inicial,53,DF,Distrito Federal,4122557.0,,,,,,,,,,,,,,,,,,,,,,,,,,,,,,,,,,,,,,,,,,,,,,,,,,,,,,,,,,,,,,,,,,,,,,,,4122557.0,,,,,,,,,,,,,,,,,,,,,,,,,,,,,,,,,500000.0,,,,,,,,,,500000.0,,,,,,,,,3622557.0,,,,,,,,,,,,,,,,,,,,,,,,,,,,,,,,,,,,,,,,,,3622557.0,,,,,,,,,3622557.0,,,,,,,,,,,,,,,,,,,,,,,,,,,,,,,,,,,,,,,,,,,,,,,13450000.0,13450000.0,,,,,,,,,,,,,,,,,,,,13450000.0,,,,,,,,,,,,,,,,,,,,,,13450000.0,,,,,,,,,,,,,,,,,,,,,,,,,,,,,,,,,,,,,,,,,,,,,,,,,,,,,,,,,,,,,,,17572557.0,,,,,,17572557.0
Dotação Inicial,32,ES,Espírito Santo,,,,,,,,,,,,,,,,,,,,,,,,,,,,,,,,,,,,,,,,,,,,,,,,,,,,,,,,,,,,,,,,,,,,,,,,,,,,,,,,,,,,,,,,,,,,,,,,,,,,,,,,,,,,,,,,,,,,,,,,,,,,,,,,,,,,,,,,,,,,,,,,,,,,,,,,,,,,,,,,,,,,,,,,,,,,,,,,,,,,,,,,,,,,,,,,,,,,,,,,,,,,,,,,,,,,,,,,,,,,,,,,,,,,,,,,,,,,,,,,,,,,,,,,,,,,,,,,,,,,,,,,,,,,,,,,,,,,,,,,,,,,,,,,,,,,,,,,,,,,,,,,,,,,,,,,,,,,,,,,,,,,,,,,,,,,,,,
Dotação Inicial,52,GO,Goiás,70000690.26,,,,,,,,,,,,,,,,,,,,,,,,,,,,,,,,,,,,,,,,,,,,,,,,,,,,,,,,,,,,,,,,,,,,,,,,70000690.26,,1073393.04,1073393.04,,1073393.04,,,,,,68541650.63,,,,,,,,,,,,,,,68541650.63,68541650.63,,,,,,,,,,,,,,,,,,,,,,,,,385646.59,,,,,,,,,,,,,,,,,,,,,,,,,,,,,,,,,,,,,,,,,,385646.59,,,,,,,,,385646.59,,,,,,,,,,,,,,,,,,,,,,,,,,,,,,,,,,,,,,,,,,,,,,,582488.16,582488.16,,,,,,,,219943.7,,,,,,,,,,,,362544.46,,,,,,,,,,,,,,,,,,,,,,,362544.46,,362544.46,,,,,,,,,,,,,,,,,,,,,,,,,,,,,,,,,,,,,,,,,,,,,,,,,,,,,,,,,,,,70583178.42,,,,,,70583178.42
Dotação Inicial,21,MA,Maranhão,57400243.0,,,,,,,,,,,,,,,,,,,,,,,,,,,,,,,,,,,,,,,,,,,,,,,,,,,,,,,,,,,,,,,,,,,,,,,,57400243.0,,,,,,,,,,,,,,,,,,,,,,,,,,,,,,,,,300243.0,,,,,,,,,,300243.0,,,,,,,,,57100000.0,,,,,,,,,,,,,,,,,,,,,,,,,,,,,,,,,,,,,,,,,,,,,,,,,,,,,,,,,,,,,,,,,,,57100000.0,,,,,,,,,,,,,,,,,,,,,,,,,,,,,,,,,,,,,,,,,,,,,,,,,,,,,,,,,,,,,,,,,,,,,,,,,,,,,,,,,,,,,,,,,,,,,,,,,,,,,,,,,,,,,,,,,,,,,,,,,,,,,,,,,,,,,,,,,57400243.0,,,,,,57400243.0
Dotação Inicial,51,MT,Mato Grosso,70620002.35,,,,,,,,,,,,,,,,,,,,,,,,,,,,,,,,,,,,,,,,,,,,,,,,,,,,,,,,,,,,,,,,,,,,,,,,70620002.35,,,,,,,,,,,70123867.02,,,,,,,,,,,,,,,70123867.02,70123867.02,,,,,,,,,,,,,,,,,,,,,,,,,496135.33,,,,,,92000.0,,,,,54000.0,,,,,,,,,,,,,,,,,,54000.0,,,150135.33,,,,100000.0,,,100000.0,,,90000.0,,,,,,,,,90000.0,,,,,,,,,,,,10000.0,,,,,,,,,,,,,,,,,,,,,,,,,,,,,,,,,,,656954.67,656954.67,,,,,,,,310000.0,,,,,,,,,,,,346954.67,,,,,,,,,,,,,,,,,,,,,,,346954.67,,346954.67,,,,,,,,,,,,,,,,,,,,,,,,,,,,,,,,,,,,,,,,,,,,,,,,,,,,,,,,,,,,71276957.02,,,,,,71276957.02
Dotação Inicial,50,MS,Mato Grosso do Sul,87395200.0,29000.0,,,,,,,,,,,,29000.0,,,,,,,,,,,,,29000.0,,,,,,,,,,,,,,,,,,,,,,,,,,,,,,,,,,,,,,,,,,,,,,87366200.0,,,,,,,,,,,59025000.0,,,,1125000.0,,,,,,,,,,,57900000.0,57900000.0,,,,,,1700000.0,,,,,,,,1700000.0,,,,,,,,,,,26621200.0,,,,,,162100.0,,,,,202400.0,2000.0,,,,50000.0,,28400.0,20000.0,,,2000.0,,,100000.0,,100000.0,,,,25284400.0,112000.0,,,7000.0,203300.0,,,203300.0,,,650000.0,,,,,,,,,650000.0,,,,,,,,,,,,,,,,,20000.0,,,,,,,,,,,,,,,,,,20000.0,,,,,,,,,,,,3545000.0,3545000.0,,,,,,,2125000.0,,,,,1400000.0,,,,,,,,20000.0,,,,,,,,,,,,,,,,,,,,,,,20000.0,,20000.0,,,,,,,,,,,,,,,,,,,,,,,,,,,,,,,,,,,,,,,,,,,,,,,,,,,,,,,,,,,,90940200.0,,,,,,90940200.0
Dotação Inicial,31,MG,Minas Gerais,572616138.0,,,,,,,,,,,,,,,,,,,,,,,,,,,,,,,,,,,,,,,,,,,,,,,,,,,,,,,,,,,,,,,,,,,,,,,,572616138.0,,,,,,,,,,,544930856.0,,,,,,,,,,,,,,,544930856.0,,,544930856.0,,,,,,,,,,,,,,,,,,,,,,,5485282.0,,,,,,,,,,,,,,,,,,,,,,,,,,,,,,,,,,,,,,,,,,,,,,,,,,,,,,,,,,,,,,,,,,,5485282.0,,,,,,,,,,,,,,,,,,,,,,,,,,,,,,22200000.0,137911000.0,137911000.0,,,,,,,,35000000.0,,,,,,,,,,,,,,,,,,,,,,,,,,,,,,,,,,,,,,,,,,,,,,,,,,,,,102911000.0,,,,,,,,,,,,,,,,,,,,,,,,,,,,,,,,,,,,,,,,,,,,710527138.0,,,,,,710527138.0
Dotação Inicial,15,PA,Pará,29474797.0,,,,,,,,,,,,,,,,,,,,,,,,,,,,,,,,,,,,,,,,,,,,,,,,,,,,,,,,,,,,,,,,,,,,,,,,29474797.0,,,,,,,,,,,27127854.0,,,,,,,,,,,,,,,27127854.0,,,27127854.0,,,,20000.0,,,,,,,,,20000.0,,,,,,,,,,2326943.0,,,,,,705503.0,,,,,577001.0,,,,,,,,,,,,,,,,,,577001.0,,,216109.0,,,,52092.0,,,52092.0,,,764782.0,,,,,,,,,764782.0,,,11456.0,,,,,,,,,,,,,,,,,,,,,,,,,,,,,,,,,,,,,,,,,,,,,,,,,,,,,,,,,,,,,,,,,,,,,,,,,,,,,,,,,,,,,,,,,,,,,,,,,,,,,,,,,,,,,,,,,,,,,,,,,,,,,,,,,,,,,,,,,,,,,,,,,,,,,,29474797.0,,,,,,29474797.0
Dotação Inicial,25,PB,Paraíba,2932000.0,,,,,,,,,,,,,,,,,,,,,,,,,,,,,,,,,,,,,,,,,,,,,,,,,,,,,,,,,,,,,,,,,,,,,,,,2932000.0,,,,,,,,,,,,,,,,,,,,,,,,,,,,,,,,,,,,,,,,,,,,,,,,,,,,2894000.0,,,,,,150000.0,,,,,20000.0,,,,,,,,,,,,,,,,,,20000.0,,,1072000.0,,,,10000.0,,,10000.0,,,380000.0,,,,,,,,,380000.0,,,22000.0,860000.0,,,860000.0,,,,,,380000.0,,,,38000.0,,,,,,,,,38000.0,38000.0,,,,,,,,,,,,,,,,,,,,10000.0,10000.0,,,,,,,,,,,,,,,,,,,,10000.0,,,,,,,,,,,,,,,,,,,,,,,10000.0,,10000.0,,,,,,,,,,,,,,,,,,,,,,,,,,,,,,,,,,,,,,,,,,,,,,,,,,,,,,,,,,,,2942000.0,,,,,,2942000.0
Dotação Inicial,41,PR,Paraná,106951069.0,36038152.0,,,,,,,,,,,,34478721.0,,,4853457.0,,4853457.0,,,15053073.0,,15053073.0,14005182.0,,152326.0,,,,,,,,,,,,,,,,,,414683.0,,,,,,,414683.0,,,1559431.0,,1559431.0,,,,,,,,,,,,,,,,70912917.0,,,,,,,,,,,32205971.0,,,,,,,,,,,,,,,32205971.0,32205971.0,,,,,,,,,,,,,,,,,,,,,,,,,38706946.0,,,,,,10000.0,100000.0,,,,3634800.0,,,,,,,,,,,,,,,,,,3634800.0,,,30000.0,,,,45000.0,,,45000.0,72000.0,,34807146.0,,,,,23426482.0,,,23426482.0,11380664.0,,,,,,,,,,,,,8000.0,,,,,,,,,,,,,,,,,,,,,,,,,,,,,,,,,,32393449.0,32393449.0,,,,,,,2273449.0,20000000.0,,,,,,,,,,,,10120000.0,,,,,,,,,,,,,,,,,,,,,,,10120000.0,,10120000.0,,,,,,,,,,,,,,,,,,,,,,,,,,,,,,,,,,,,,,,,,,,,,,,,,,,,,,,,,,,,139344518.0,,,,,,139344518.0
Dotação Inicial,26,PE,Pernambuco,9311999.97,,,,,,,,,,,,,,,,,,,,,,,,,,,,,,,,,,,,,,,,,,,,,,,,,,,,,,,,,,,,,,,,,,,,,,,,9311999.97,,,,,,,,,,,6377560.0,,,,,,,,,,,,,,,6377560.0,,1443327.55,4934232.45,,,,1855000.0,,,,,,,,,1855000.0,,,,,,,,,,975999.97,,,,,,298660.79,,,,,,,,,,,,,,,,,,,,,,,,,,83016.43,,,,,,,,,,,,,,,,,,,,,,66868.9,,,,,,,,,425361.83,,,,102092.02,103440.0,,,,,,,,,103440.0,,103440.0,,,,,,,,,,,,,,,,,,,,,,,,,,,,,,,,,,,,,,,,,,,,,,,,,,,,,,,,,,,,,,,,,,,,,,,,,,,,,,,,,,,,,,,,,,,,,,,,,,,,,,,,,,,,,,,,,,,,,,,,,,,,,9311999.97,,,,,,9311999.97
Dotação Inicial,22,PI,Piauí,53055968.0,,,,,,,,,,,,,,,,,,,,,,,,,,,,,,,,,,,,,,,,,,,,,,,,,,,,,,,,,,,,,,,,,,,,,,,,53055968.0,,,,,,,,,,,42600000.0,,,,10600000.0,,,,,,,,,,,32000000.0,32000000.0,,,,,,9810968.0,,,,,,,,9810968.0,,,,,,,,,,,645000.0,,,,,,10000.0,,,,,50000.0,,,,,,,,,,,,,,,,,,50000.0,,,10000.0,,,,50000.0,,,50000.0,,,,,,,,,,,,,500000.0,,25000.0,,,,,,,,,,,,,,,,,,,,,,,,,,,,,,,,,,,,,,,,,,,,700000.0,700000.0,,,,,,,612000.0,,,,,,,,,,,,,88000.0,,,,,,,,,,,,,,,,,,,,,,,88000.0,,88000.0,,,,,,,,,,,,,,,,,,,,,,,,,,,,,,,,,,,,,,,,,,,,,,,,,,,,,,,,,,,,53755968.0,,,,,,53755968.0
Dotação Inicial,33,RJ,Rio de Janeiro,114586301.0,,,,,,,,,,,,,,,,,,,,,,,,,,,,,,,,,,,,,,,,,,,,,,,,,,,,,,,,,,,,,,,,,,,,,,,,114586301.0,,,,,,,,,,,113656320.0,,,,113656320.0,,,,,,,,,,,,,,,,,,,,,,,,,,,,,,,,,,,,,929981.0,,,,,,25890.0,,,,,,,,,,,,,,,,,,,,,,,,,,,,,,,,,,,,904091.0,,,,,,,,,904091.0,,,,,,,,,,,,,,,,,,,,,,,,,,,,,,,,,,,,,,,,,,,,,,,6558706.0,6558706.0,,,,,,,,,,,,,,,,,,,,6558706.0,,,,,,,,,,,,,,,,,,,,,,5558706.0,1000000.0,,1000000.0,,,,,,,,,,,,,,,,,,,,,,,,,,,,,,,,,,,,,,,,,,,,,,,,,,,,,,,,,,,,121145007.0,,,,,,121145007.0
Dotação Inicial,24,RN,Rio Grande do Norte,2000000.0,,,,,,,,,,,,,,,,,,,,,,,,,,,,,,,,,,,,,,,,,,,,,,,,,,,,,,,,,,,,,,,,,,,,,,,,2000000.0,,,,,,,,,,,,,,,,,,,,,,,,,,,,,,,,,,,,,,,,,,,,,,,,,,,,2000000.0,,,,,,,,,,,500000.0,,,,,,,,,,,,,,,,,,500000.0,,,,,,,,,,,,,1500000.0,,,,,,,,,1500000.0,,,,,,,,,,,,,,,,,,,,,,,,,,,,,,,,,,,,,,,,,,,,,,,,,,,,,,,,,,,,,,,,,,,,,,,,,,,,,,,,,,,,,,,,,,,,,,,,,,,,,,,,,,,,,,,,,,,,,,,,,,,,,,,,,,,,,,,,,,,,,,,,,,,,,,,,,2000000.0,,,,,,2000000.0
Dotação Inicial,43,RS,Rio Grande do Sul,295011862.0,,,,,,,,,,,,,,,,,,,,,,,,,,,,,,,,,,,,,,,,,,,,,,,,,,,,,,,,,,,,,,,,,,,,,,,,295011862.0,,,,,,,,,,,,,,,,,,,,,,,,,,,,,,,,,,,,,,,,,,,,,,,,,,,,,,,,,,,,,,,,,,,,,,,,,,,,,,,,,,,,,,,,,,,,,,,,,,,,,,,,,,,,,,,,,,,,,,,,,,,,,,,,,,,,,,,,,,,,,,,,,,,,,295011862.0,4696230.0,4696230.0,,,,,,,,,,,,,,,,,,,,4696230.0,,,,,,,,,,,,,,,,,,,,,,,,,,,,,,4696230.0,,,,,,,,,,,,,,,,,,,,,,,,,,,,,,,,,,,,,,,,,,,,,,,,,,,,,,,299708092.0,,,,,,299708092.0
Dotação Inicial,11,RO,Rondônia,30500220.0,,,,,,,,,,,,,,,,,,,,,,,,,,,,,,,,,,,,,,,,,,,,,,,,,,,,,,,,,,,,,,,,,,,,,,,,30500220.0,,,,,,,,,,,11140820.0,,,,11140820.0,,,,,,,,,,,,,,,,,,14999400.0,,,,,,,,14999400.0,,,,,,,,,,,4360000.0,,,,,,160000.0,,,,,540000.0,,,,,,,,,,,,,,,,,,540000.0,,,40000.0,,,,20000.0,,,20000.0,,,1600000.0,,,,,,,,,1600000.0,,,,,,,,,,,2000000.0,,,,,,,,,,,,,,,,,,,,,,,,,,,,,,,,,,,,4728876.62,4728876.62,,,,,,,4728876.62,,,,,,,,,,,,,,,,,,,,,,,,,,,,,,,,,,,,,,,,,,,,,,,,,,,,,,,,,,,,,,,,,,,,,,,,,,,,,,,,,,,,,,,,,,,,,,,,,,35229096.62,,,,,,35229096.62
Dotação Inicial,14,RR,Roraima,4430000.0,,,,,,,,,,,,,,,,,,,,,,,,,,,,,,,,,,,,,,,,,,,,,,,,,,,,,,,,,,,,,,,,,,,,,,,,4430000.0,,,,,,,,,,,3730000.0,,,,,,,,,,,,,,,3730000.0,3730000.0,,,,,,,,,,,,,,,,,,,,,,,,,700000.0,,,,,,37200.0,,,,,,,,,,,,,,,,,,,,,,,,,,40000.0,,,,70270.0,,,70270.0,,,492530.0,,,,,,,,,492530.0,,,,,,,,,,,,60000.0,,,,,,,,,,,,,,,,,,,,,,,,,,,,,,,,,,,,,,,,,,,,,,,,,,,,,,,,,,,,,,,,,,,,,,,,,,,,,,,,,,,,,,,,,,,,,,,,,,,,,,,,,,,,,,,,,,,,,,,,,,,,,,,,,,,,,,,,,,,,,4430000.0,,,,,,4430000.0
Dotação Inicial,42,SC,Santa Catarina,85885000.0,,,,,,,,,,,,,,,,,,,,,,,,,,,,,,,,,,,,,,,,,,,,,,,,,,,,,,,,,,,,,,,,,,,,,,,,85885000.0,,,,,,,,,,,85685000.0,,,,,,,,,,,,,,,85685000.0,83001250.0,2683750.0,,,,,,,,,,,,,,,,,,,,,,,,200000.0,,,,,,,,,,,200000.0,,,,,,,,,,,,,,,,,,200000.0,,,,,,,,,,,,,,,,,,,,,,,,,,,,,,,,,,,,,,,,,,,,,,,,,,,,,,,,,,,,,,,,,,,,,70000.0,70000.0,,,,,,,70000.0,,,,,,,,,,,,,,,,,,,,,,,,,,,,,,,,,,,,,,,,,,,,,,,,,,,,,,,,,,,,,,,,,,,,,,,,,,,,,,,,,,,,,,,,,,,,,,,,,,85955000.0,,,,,,85955000.0
Dotação Inicial,35,SP,São Paulo,196254490.0,145544884.0,,,,,,,,,,,,101142106.0,,,,,,,,99152504.0,99152504.0,,,,1989602.0,,,,,,,,,,,,,,,,,,,,,,,,,,,,44402778.0,,44306721.0,,,,96057.0,,,,,,,,,,,,50709606.0,,,,,,,,,,,21000000.0,,,,,,,,,,,,,,,21000000.0,,,21000000.0,,,,,,,,,,,,,,,,,,,,,,,,,,,,,,,,,,,,,,,,,,,,,,,,,,,,,,,,,,,,,,,,,,,,,,,,,,,,,,,,,,,,,,,,,,,29709606.0,,1810052.0,,,,,1810052.0,,,,,,,,,,,27899554.0,,,,,,,,,,,,,,,,,,,,,,,,,,,,,,,,,,,,,,,,,,,,,,,,,,,,,,,,,,,,,,,,,,,,,,,,,,,,,,,,,,,,,,,,,,,,,,,,,,,,,,,,,,,,,,,,,,,,,,196254490.0,,,,,,196254490.0
Dotação Inicial,28,SE,Sergipe,,,,,,,,,,,,,,,,,,,,,,,,,,,,,,,,,,,,,,,,,,,,,,,,,,,,,,,,,,,,,,,,,,,,,,,,,,,,,,,,,,,,,,,,,,,,,,,,,,,,,,,,,,,,,,,,,,,,,,,,,,,,,,,,,,,,,,,,,,,,,,,,,,,,,,,,,,,,,,,,,,,,,,,,,,,,,,,,,,,,,,,,,,,,,,,,,,,,,,,,,,,,,,,,,,,,,,,,,,,,,,,,,,,,,,,,,,,,,,,,,,,,,,,,,,,,,,,,,,,,,,,,,,,,,,,,,,,,,,,,,,,,,,,,,,,,,,,,,,,,,,,,,,,,,,,,,,,,,,,,,,,,,,,,,,,,,,,
Dotação Inicial,17,TO,Tocantins,31100000.0,31000000.0,,,,,,,,,,,,25200000.0,,,300000.0,,300000.0,,,22000000.0,,22000000.0,,333750.0,,,,2500000.0,,,,,,,,,,,,,,2500000.0,65000.0,,,,,,,65000.0,,1250.0,5800000.0,,5100000.0,,,,700000.0,,,,,,,,,,,,100000.0,,,,,,,,,,,,,,,,,,,,,,,,,,,,,,,,,,,,,,,,,,,,,,,,,,,,100000.0,,,,,,87953.0,,,,,3047.0,,,,,,,,,,,,,,,,,,3047.0,,,7000.0,,,,,,,,,,2000.0,,,,,,,,,2000.0,,,,,,,,,,,,,,,,,,,,,,,,,,,,,,,,,,,,,,,,,,,,,,,1000000.0,1000000.0,,,,,,,,,,,,,,,,,,,,1000000.0,,,,,,,,,,,,,,,,,,,,,,,1000000.0,,1000000.0,,,,,,,,,,,,,,,,,,,,,,,,,,,,,,,,,,,,,,,,,,,,,,,,,,,,,,,,,,,,32100000.0,,,,,,32100000.0
Dotação Atualizada,12,AC,Acre,493758.33,,,,,,,,,,,,,,,,,,,,,,,,,,,,,,,,,,,,,,,,,,,,,,,,,,,,,,,,,,,,,,,,,,,,,,,,493758.33,,,,,,,,,,,,,,,,,,,,,,,,,,,,,,,,,,,,,,,,,,,,,,,,,,,,493758.33,,,,,,1024.75,,,,,,,,,,,,,,,,,,,,,,,,,492733.58,,,,,,,,,,,,,,,,,,,,,,,,,,,,,,,,,,,,,,,,,,,,,,,,,,,,,,,,,,,,,,,,,,,,,,,,,,,,,,,,,,,,,,,,,,,,,,,,,,,,,,,,,,,,,,,,,,,,,,,,,,,,,,,,,,,,,,,,,,,,,,,,,,,,,,,,,,,,,,,,,,,,,,,,,,,,,493758.33,493758.33,,,,,493758.33
Dotação Atualizada,27,AL,Alagoas,20121315.52,,,,,,,,,,,,,,,,,,,,,,,,,,,,,,,,,,,,,,,,,,,,,,,,,,,,,,,,,,,,,,,,,,,,,,,,20121315.52,,,,,,,,,,,13602850.35,,,,,,,,,,,,,,,13602850.35,13444350.35,158500.0,,,,,,,,,,,,,,,,,,,,,,,,6518465.17,,,,,,41270.44,,,,,320000.0,,,,,,,,,,,,,,,,,,320000.0,,,18315.73,,,,,,,,,,6125416.78,,,,,,,,,6125416.78,,,,,,,,,,,,13462.22,,,,,,,,,,,,,,,,,,,,,,,,,,,,,,,,,,,,,,,,,,,,,,,,,,,,,,,,,,,,,,,,,,,,,,,,,,,,,,,,,,,,,,,,,,,,,,,,,,,,,,,,,,,,,,,,,,,,,,,,,,,,,,,,,,,,,,,,,,,,,20121315.52,20121315.52,,,,,20121315.52
Dotação Atualizada,16,AP,Amapá ,30984669.0,30984669.0,,,,,,,,,,,,30984669.0,,,30857506.0,30857506.0,,,,,,,,,,,,127163.0,,,,,,,,127163.0,,,,,,,,,,,,,,,,,,,,,,,,,,,,,,,,,,,,,,,,,,,,,,,,,,,,,,,,,,,,,,,,,,,,,,,,,,,,,,,,,,,,,,,,,,,,,,,,,,,,,,,,,,,,,,,,,,,,,,,,,,,,,,,,,,,,,,,,,,,,,,,,,,,,,,,,,,,,,,,,,,,,,,,,,,,,,,,,,,,,,,,,,,,,,,,,,,,,,,,,,,,,,,,,,,,,,,,,,,,,,,,,,,,,,,,,,,,,,,,,,,,,,,,,,,,,,,,,,,,,,,,,,,,,,,,,,,,,,,,,,,,,,,,,,,,30984669.0,30984669.0,,,,,30984669.0
Dotação Atualizada,13,AM,Amazonas,18894.35,,,,,,,,,,,,,,,,,,,,,,,,,,,,,,,,,,,,,,,,,,,,,,,,,,,,,,,,,,,,,,,,,,,,,,,,18894.35,,,,,,,,,,,,,,,,,,,,,,,,,,,,,,,,,,,,,,,,,,,,,,,,,,,,18894.35,,,,,,1560.0,,,,,,,,,,,,,,,,,,,,,,,,,,,,,,,,,,,,17334.35,,,,,,,,,17334.35,,,,,,,,,,,,,,,,,,,,,,,,,,,,,,,,,,,,,,,,,,,,,,,,,,,,,,,,,,,,,,,,,,,,,,,,,,,,,,,,,,,,,,,,,,,,,,,,,,,,,,,,,,,,,,,,,,,,,,,,,,,,,,,,,,,,,,,,,,,,,,,,,,,,,,,,,18894.35,18894.35,,,,,18894.35
Dotação Atualizada,29,BA,Bahia,80871410.0,,,,,,,,,,,,,,,,,,,,,,,,,,,,,,,,,,,,,,,,,,,,,,,,,,,,,,,,,,,,,,,,,,,,,,,,80871410.0,400000.0,,,,,,,,,,70842832.0,,,,,,,,,,,,,,,70842832.0,59039332.0,11803500.0,,,,,997836.0,,,,,,,,,997836.0,,,,,,,,,,8630742.0,,,,,,5763.0,,,,,52115.85,,,,,,,,,,,,,,,,,,52115.85,,,12118.0,,,,,,,,,,8035349.0,,,,,,,,,8035349.0,,,,,,,,,,,,525396.15,,,,,,,,,,,,,,,,,,,,,,,,,,,,,,,,,,,8083131.0,8083131.0,,,,,,,,3587530.0,,,,,,,,,,,,4495601.0,,,,,,,,,,,,,,,,,,,,,,,4495601.0,,4495601.0,,,,,,,,,,,,,,,,,,,,,,,,,,,,,,,,,,,,,,,,,,,,,,,,,,,,,,,,,,,,88954541.0,88954541.0,,,,,88954541.0
Dotação Atualizada,23,CE,Ceará,123159226.88,,,,,,,,,,,,,,,,,,,,,,,,,,,,,,,,,,,,,,,,,,,,,,,,,,,,,,,,,,,,,,,,,,,,,,,,123159226.88,,,,,,,,,,,49954699.38,,,,3954699.38,,,,,,,,,,,46000000.0,46000000.0,,,,,,,,,,,,,,,,,,,,,,,,,72604527.5,,,,,,,,,,,,,,,,,,,,,,,,,,,,,,,,,,,,3855194.72,,,3855194.72,,,67096176.7,,,,,,,,,67096176.7,,,,,,,,,,,600000.0,1052670.73,485.35,,,,600000.0,,,,,,,,,544800.0,,544800.0,,,55200.0,,,,,,,,,,,,,,,,4695572.0,4695572.0,,,,,,,4695572.0,,,,,,,,,,,,,,,,,,,,,,,,,,,,,,,,,,,,,,,,,,,,,,,,,,,,,,,,,,,,,,,,,,,,,,,,,,,,,,,,,,,,,,,,,,,,,,,,,,127854798.88,127854798.88,62446067.0,,62446067.0,,65408731.88
Dotação Atualizada,53,DF,Distrito Federal,1329418.0,,,,,,,,,,,,,,,,,,,,,,,,,,,,,,,,,,,,,,,,,,,,,,,,,,,,,,,,,,,,,,,,,,,,,,,,1329418.0,,,,,,,,,,,,,,,,,,,,,,,,,,,,,,,,,,,,,,,,,,,,,,,,,,,,1329418.0,,,,,,,,,,,,,,,,,,,,,,,,,,,,,,,,,,,,,,,,,,1329418.0,,,,,,,,,1329418.0,,,,,,,,,,,,,,,,,,,,,,,,,,,,,,,,,,,,,,,,,,,,,,,4376504.21,4376504.21,,,,,,,,,,,,,,,,,,,,4376504.21,,,,,,,,,,,,,,,,,,,,,,4376504.21,,,,,,,,,,,,,,,,,,,,,,,,,,,,,,,,,,,,,,,,,,,,,,,,,,,,,,,,,,,,,,,5705922.21,5705922.21,,,,,5705922.21
Dotação Atualizada,32,ES,Espírito Santo,,,,,,,,,,,,,,,,,,,,,,,,,,,,,,,,,,,,,,,,,,,,,,,,,,,,,,,,,,,,,,,,,,,,,,,,,,,,,,,,,,,,,,,,,,,,,,,,,,,,,,,,,,,,,,,,,,,,,,,,,,,,,,,,,,,,,,,,,,,,,,,,,,,,,,,,,,,,,,,,,,,,,,,,,,,,,,,,,,,,,,,,,,,,,,,,,,,,,,,,,,,,,,,,,,,,,,,,,,,,,,,,,,,,,,,,,,,,,,,,,,,,,,,,,,,,,,,,,,,,,,,,,,,,,,,,,,,,,,,,,,,,,,,,,,,,,,,,,,,,,,,,,,,,,,,,,,,,,,,,,,,,,,,,,,,,,,,
Dotação Atualizada,52,GO,Goiás,77104266.89,,,,,,,,,,,,,,,,,,,,,,,,,,,,,,,,,,,,,,,,,,,,,,,,,,,,,,,,,,,,,,,,,,,,,,,,77104266.89,,1182319.53,1182319.53,,1182319.53,,,,,,75497165.87,,,,,,,,,,,,,,,75497165.87,75497165.87,,,,,,,,,,,,,,,,,,,,,,,,,424781.49,,,,,,,,,,,,,,,,,,,,,,,,,,,,,,,,,,,,,,,,,,424781.49,,,,,,,,,424781.49,,,,,,,,,,,,,,,,,,,,,,,,,,,,,,,,,,,,,,,,,,,,,,,737622.79,737622.79,,,,,,,,278521.52,,,,,,,,,,,,459101.27,,,,,,,,,,,,,,,,,,,,,,,459101.27,,459101.27,,,,,,,,,,,,,,,,,,,,,,,,,,,,,,,,,,,,,,,,,,,,,,,,,,,,,,,,,,,,77841889.68,77841889.68,,,,,77841889.68
Dotação Atualizada,21,MA,Maranhão,33177610.69,,,,,,,,,,,,,,,,,,,,,,,,,,,,,,,,,,,,,,,,,,,,,,,,,,,,,,,,,,,,,,,,,,,,,,,,33177610.69,,,,,,,,,,,23525.0,,,,,,,,,,,,,,,23525.0,23525.0,,,,,,,,,,,,,,,,,,,,,,,,,33154085.69,,,,,,,,,,,,,,,,,,,,,,,,,,,,,,,,,,,,,,,,,,,,,,,,,,,,,,,,,,,,,,,,,,,33154085.69,,,,,,,,,,,,,,,,,,,,,,,,,,,,,,,,,,,,,,,,,,,,,,,,,,,,,,,,,,,,,,,,,,,,,,,,,,,,,,,,,,,,,,,,,,,,,,,,,,,,,,,,,,,,,,,,,,,,,,,,,,,,,,,,,,,,,,,,,33177610.69,33177610.69,1814654.69,,,1814654.69,31362956.0
Dotação Atualizada,51,MT,Mato Grosso,70620002.35,,,,,,,,,,,,,,,,,,,,,,,,,,,,,,,,,,,,,,,,,,,,,,,,,,,,,,,,,,,,,,,,,,,,,,,,70620002.35,,,,,,,,,,,70123867.02,,,,,,,,,,,,,,,70123867.02,70123867.02,,,,,,,,,,,,,,,,,,,,,,,,,496135.33,,,,,,92000.0,,,,,54000.0,,,,,,,,,,,,,,,,,,54000.0,,,150135.33,,,,100000.0,,,100000.0,,,90000.0,,,,,,,,,90000.0,,,,,,,,,,,,10000.0,,,,,,,,,,,,,,,,,,,,,,,,,,,,,,,,,,,656954.67,656954.67,,,,,,,,310000.0,,,,,,,,,,,,346954.67,,,,,,,,,,,,,,,,,,,,,,,346954.67,,346954.67,,,,,,,,,,,,,,,,,,,,,,,,,,,,,,,,,,,,,,,,,,,,,,,,,,,,,,,,,,,,71276957.02,71276957.02,,,,,71276957.02
Dotação Atualizada,50,MS,Mato Grosso do Sul,92319557.06,25000.0,,,,,,,,,,,,25000.0,,,,,,,,,,,,,25000.0,,,,,,,,,,,,,,,,,,,,,,,,,,,,,,,,,,,,,,,,,,,,,,92294557.06,,,,,,,,,,,64332442.33,,,,,,,,,,,,,,,64332442.33,64332442.33,,,,,,1133361.59,,,,,,,,1133361.59,,,,,,,,,,,26828753.14,,,,,,20717.46,,,,,37100.0,,,,,,,,,,,,,,37100.0,,37100.0,,,,26712434.06,14845.9,,,,22429.95,,,22429.95,,,,,,,,,,,,,,,,,,,,,,,,,5009.1,,,16216.67,,,,,,,,,,,,,,,,,,,,,,,,,,,,,,,1633548.0,1633548.0,,,,,,,,,,,,1633547.89,,,,,,,,0.11,,,,,,,,,,,,,,,,,,,,,,,0.11,,0.11,,,,,,,,,,,,,,,,,,,,,,,,,,,,,,,,,,,,,,,,,,,,,,,,,,,,,,,,,,,,93953105.06,93953105.06,,,,,93953105.06
Dotação Atualizada,31,MG,Minas Gerais,499691815.95,,,,,,,,,,,,,,,,,,,,,,,,,,,,,,,,,,,,,,,,,,,,,,,,,,,,,,,,,,,,,,,,,,,,,,,,499691815.95,,,,,,,,,,,498999902.88,,,,,,,,,,,,,,,498999902.88,,,498999902.88,,,,,,,,,,,,,,,,,,,,,,,691913.07,,,,,,,,,,,,,,,,,,,,,,,,,,,,,,,,,,,,,,,,,,,,,,,,,,,,,,,,,,,,,,,,,,,691913.07,,,,,,,,,,,,,,,,,,,,,,,,,,,,,,,6584223.05,6584223.05,,,,,,,,2909488.05,,,,,,,,,,,,3674735.0,,,,,,,,,,,,,,,,,,,,,,,,,,,,,,3674735.0,,,,,,,,,,,,,,,,,,,,,,,,,,,,,,,,,,,,,,,,,,,,,,,,,,,,,,,506276039.0,506276039.0,,,,,506276039.0
Dotação Atualizada,15,PA,Pará,38478657.08,,,,,,,,,,,,,,,,,,,,,,,,,,,,,,,,,,,,,,,,,,,,,,,,,,,,,,,,,,,,,,,,,,,,,,,,38478657.08,,,,,,,,,,,37171016.42,,,,,,,,,,,,,,,37171016.42,,,37171016.42,,,,,,,,,,,,,,,,,,,,,,,1307640.66,,,,,,462716.5,,,,,401759.14,,,,,,,,,,,,,,,,,,401759.14,,,112757.88,,,,15845.0,,,15845.0,,,305185.0,,,,,,,,,305185.0,,,5523.62,,,,,,,,,3853.52,,,,,,,,,,,,,,,,,,,,,,,,,,,,,,,,,,,,,,,,,,,,,,,,,,,,,,,,,,,,,,,,,,,,,,,,,,,,,,,,,,,,,,,,,,,,,,,,,,,,,,,,,,,,,,,,,,,,,,,,,,,,,,,,,,,,,,,,,,,,,38478657.08,38478657.08,,,,,38478657.08
Dotação Atualizada,25,PB,Paraíba,182603.0,,,,,,,,,,,,,,,,,,,,,,,,,,,,,,,,,,,,,,,,,,,,,,,,,,,,,,,,,,,,,,,,,,,,,,,,182603.0,,,,,,,,,,,,,,,,,,,,,,,,,,,,,,,,,,,,,,,,,,,,,,,,,,,,182603.0,,,,,,,,,,,,,,,,,,,,,,,,,,,,,,,,,,,,,,,,,,,,,,,,,,,,,,,,,,,,,,,,182603.0,,,,,,,,,,,,,,,,,,,,,,,,,,,,,,,,,,,,,,,,,,,,,,,,,,,,,,,,,,,,,,,,,,,,,,,,,,,,,,,,,,,,,,,,,,,,,,,,,,,,,,,,,,,,,,,,,,,,,,,,,,,,,,,,,,,,,,,,,,,,182603.0,182603.0,,,,,182603.0
Dotação Atualizada,41,PR,Paraná,161221606.0,36037849.0,,,,,,,,,,,,34478418.0,,,4665756.0,,4665756.0,,,16899032.0,,16899032.0,12774879.0,,,10000.0,,124075.0,,,,,,,,,,,,,,124075.0,4676.0,,,,,,,4676.0,,,1559431.0,,1559431.0,,,,,,,,,,,,,,,,125183757.0,,,,,,,,,,,83257103.0,,,,55148.0,,,,,,,,,,,83201955.0,83201955.0,,,,,,2620000.0,,,,,,,,2620000.0,,,,,,,,,,,39306654.0,,,,,,10000.0,100000.0,,,,3282808.0,,,,,,,,,,,,,,,,,,3282808.0,,,137500.0,,,,56270.0,,,56270.0,,,35473735.0,,,,,25000000.0,,,25000000.0,10473735.0,,235500.0,,,,,,303.0,,,,2538.0,8000.0,,,,,,,,,,,,,,,,,,,,,,,,,,,,,,,,,,125075736.0,125075736.0,,,,,,,16653916.0,103078371.0,,,,,,,,,,,,5343449.0,,,,,,,,,,,,,,,,,,,,,,5343449.0,,,,,,,,,,,,,,,,,,,,,,,,,,,,,,,,,,,,,,,,,,,,,,,,,,,,,,,,,,,,,,,286297342.0,286297342.0,,,,,286297342.0
Dotação Atualizada,26,PE,Pernambuco,9571832.02,,,,,,,,,,,,,,,,,,,,,,,,,,,,,,,,,,,,,,,,,,,,,,,,,,,,,,,,,,,,,,,,,,,,,,,,9571832.02,,,,,,,,,,,7237218.88,,,,,,,,,,,,,,,7237218.88,,2748741.76,4488477.12,,,,1555000.0,,,,,,,,,1555000.0,,,,,,,,,,676173.14,,,,,,199577.41,,,,,,,,,,,,,,,,,,,,,,,,,,92736.09,,,,,,,,,,,,,,,,,,,,,,43088.08,,,,,,,,,274986.87,,,,65784.69,103440.0,,,,,,,,,103440.0,,103440.0,,,,,,,,,,,,,,,,,,,10000.0,10000.0,,,,,,,,,,,,,,,,,,,,10000.0,,,,,,,,,,,,,,,,,,,,,,,,,,,,,,10000.0,,,,,,,,,,,,,,,,,,,,,,,,,,,,,,,,,,,,,,,,,,,,,,,,,,,,,,,9581832.02,9581832.02,,,,,9581832.02
Dotação Atualizada,22,PI,Piauí,50109317.0,,,,,,,,,,,,,,,,,,,,,,,,,,,,,,,,,,,,,,,,,,,,,,,,,,,,,,,,,,,,,,,,,,,,,,,,50109317.0,,,,,,,,,,,34674554.0,,,,17194147.0,,,,,,,,,,,17480407.0,17480407.0,,,,,,14320091.0,,,,,,,,14320091.0,,,,,,,,,,,1114672.0,,,,,,,,,,,,,,,,,,,,,,,,,,,,,,,,,,,,,,,,,,30000.0,,,,,,,,,30000.0,160000.0,,,,,,,,,,,,924672.0,,,,,,,,,,,,,,,,,,,,,,,,,,,,,,,,,,218000.0,218000.0,,,,,,,,,,,,,,,,,,,,218000.0,,,,,,,,,,,,,,,,,,,,,,,218000.0,,218000.0,,,,,,,,,,,,,,,,,,,,,,,,,,,,,,,,,,,,,,,,,,,,,,,,,,,,,,,,,,,,50327317.0,50327317.0,,,,,50327317.0
Dotação Atualizada,33,RJ,Rio de Janeiro,399822082.63,,,,,,,,,,,,,,,,,,,,,,,,,,,,,,,,,,,,,,,,,,,,,,,,,,,,,,,,,,,,,,,,,,,,,,,,399822082.63,,,,,,,,,,,399815069.63,,,,399815069.63,,,,,,,,,,,,,,,,,,,,,,,,,,,,,,,,,,,,,7013.0,,,,,,2488.0,,,,,,,,,,,,,,,,,,,,,,,,,,,,,,,,,,,,,,,,,,,,,,,,,,,,,,,,,4525.0,,,,,,,,,,,,,,,,,,,,,,,,,,,,,,,,,,,,,,,,,,,,,,,,,,,,,,,,,,,,,,,,,,,,,,,,,,,,,,,,,,,,,,,,,,,,,,,,,,,,,,,,,,,,,,,,,,,,,,,,,,,,,,,,,,,,,,,,,,,,,399822082.63,399822082.63,,,,,399822082.63
Dotação Atualizada,24,RN,Rio Grande do Norte,85746.42,,,,,,,,,,,,,,,,,,,,,,,,,,,,,,,,,,,,,,,,,,,,,,,,,,,,,,,,,,,,,,,,,,,,,,,,85746.42,,,,,,,,,,,,,,,,,,,,,,,,,,,,,,,,,,,,,,,,,,,,,,,,,,,,85746.42,,,,,,,,,,,,,,,,,,,,,,,,,,,,,,,,,,,,,,,,,,81266.42,,,,,,,,,81266.42,,,,,,,,,,,,4480.0,,,,,,,,,,,,,,,,,,,,,,,,,,,,,,,,,,,,,,,,,,,,,,,,,,,,,,,,,,,,,,,,,,,,,,,,,,,,,,,,,,,,,,,,,,,,,,,,,,,,,,,,,,,,,,,,,,,,,,,,,,,,,,,,,,,,,,,,,,,,,85746.42,85746.42,,,,,85746.42
Dotação Atualizada,43,RS,Rio Grande do Sul,267460943.61,,,,,,,,,,,,,,,,,,,,,,,,,,,,,,,,,,,,,,,,,,,,,,,,,,,,,,,,,,,,,,,,,,,,,,,,267460943.61,,,,,,,,,,,,,,,,,,,,,,,,,,,,,,,,,,,,,,,,,,,,,,,,,,,,,,,,,,,,,,,,,,,,,,,,,,,,,,,,,,,,,,,,,,,,,,,,,,,,,,,,,,,,,,,,,,,,,,,,,,,,,,,,,,,,,,,,,,,,,,,,,,,,,267460943.61,3136431.5,3136431.5,,,,,,,,,,,,,,,,,,,,3136431.5,,,,,,,,,,,,,,,,,,,,,,,,,,,,,,3136431.5,,,,,,,,,,,,,,,,,,,,,,,,,,,,,,,,,,,,,,,,,,,,,,,,,,,,,,,270597375.11,270597375.11,,,,,270597375.11
Dotação Atualizada,11,RO,Rondônia,32607465.41,,,,,,,,,,,,,,,,,,,,,,,,,,,,,,,,,,,,,,,,,,,,,,,,,,,,,,,,,,,,,,,,,,,,,,,,32607465.41,,,,,,,,,,,5884564.0,,,,5884564.0,,,,,,,,,,,,,,,,,,19171477.6,,,,,,,,19171477.6,,,,,,,,,,,7551423.81,,,,,,160000.0,,,,,976791.33,,,,,,,,,,,,,,,,,,976791.33,,,,,,,,,,,,,2073715.33,,,,,,,,,2073715.33,,,,,,,,,,,4340917.15,,,,,,,,,,,,,,,,,,,,,,,,,,,,,,,,,,,,9830192.26,9830192.26,,,,,,,7469843.22,,,,,2360349.04,,,,,,,,,,,,,,,,,,,,,,,,,,,,,,,,,,,,,,,,,,,,,,,,,,,,,,,,,,,,,,,,,,,,,,,,,,,,,,,,,,,,,,,,,,,,,42437657.67,42437657.67,,,,,42437657.67
Dotação Atualizada,14,RR,Roraima,21660.5,,,,,,,,,,,,,,,,,,,,,,,,,,,,,,,,,,,,,,,,,,,,,,,,,,,,,,,,,,,,,,,,,,,,,,,,21660.5,,,,,,,,,,,,,,,,,,,,,,,,,,,,,,,,,,,,,,,,,,,,,,,,,,,,21660.5,,,,,,300.0,,,,,10000.0,,,,,,,,,,,,,,,,,,10000.0,,,,,,,,,,,,,11360.5,,,,,,,,,11360.5,,,,,,,,,,,,,,,,,,,,,,,,,,,,,,,,,,,,,,,,,,,,,,,,,,,,,,,,,,,,,,,,,,,,,,,,,,,,,,,,,,,,,,,,,,,,,,,,,,,,,,,,,,,,,,,,,,,,,,,,,,,,,,,,,,,,,,,,,,,,,,,,,,,,,,,,,21660.5,21660.5,,,,,21660.5
Dotação Atualizada,42,SC,Santa Catarina,85885000.0,,,,,,,,,,,,,,,,,,,,,,,,,,,,,,,,,,,,,,,,,,,,,,,,,,,,,,,,,,,,,,,,,,,,,,,,85885000.0,,,,,,,,,,,85685000.0,,,,,,,,,,,,,,,85685000.0,83001250.0,2683750.0,,,,,,,,,,,,,,,,,,,,,,,,200000.0,,,,,,,,,,,200000.0,,,,,,,,,,,,,,,,,,200000.0,,,,,,,,,,,,,,,,,,,,,,,,,,,,,,,,,,,,,,,,,,,,,,,,,,,,,,,,,,,,,,,,,,,,,70000.0,70000.0,,,,,,,70000.0,,,,,,,,,,,,,,,,,,,,,,,,,,,,,,,,,,,,,,,,,,,,,,,,,,,,,,,,,,,,,,,,,,,,,,,,,,,,,,,,,,,,,,,,,,,,,,,,,,85955000.0,85955000.0,,,,,85955000.0
Dotação Atualizada,35,SP,São Paulo,193911244.0,145558884.0,,,,,,,,,,,,101142106.0,,,,,,,,99152504.0,99152504.0,,,,1989602.0,,,,,,,,,,,,,,,,,,,,,,,,,,,,44416778.0,,44306721.0,,,,110057.0,,,,,,,,,,,,48352360.0,,,,,,,,,,,19950000.0,,,,,,,,,,,,,,,19950000.0,,,19950000.0,,,,,,,,,,,,,,,,,,,,,,,300.0,,,,,,,,,,,,,,,,,,,,,,,,,,,,,,,,,,,,,,,,,,300.0,,,,300.0,,,,,,,,,,,,,,,,,,,,,,28402060.0,,1677648.0,,,,,1677648.0,,,,,1888587.0,,,,,,24835825.0,,,,,,,,,,,,,,,,,,,,,,,,,,,,,,,,,,,,,,,,,,,,,,,,,,,,,,,,,,,,,,,,,,,,,,,,,,,,,,,,,,,,,,,,,,,,,,,,,,,,,,,,,,,,,,,,,,,,,,193911244.0,193911244.0,,,,,193911244.0
Dotação Atualizada,28,SE,Sergipe,,,,,,,,,,,,,,,,,,,,,,,,,,,,,,,,,,,,,,,,,,,,,,,,,,,,,,,,,,,,,,,,,,,,,,,,,,,,,,,,,,,,,,,,,,,,,,,,,,,,,,,,,,,,,,,,,,,,,,,,,,,,,,,,,,,,,,,,,,,,,,,,,,,,,,,,,,,,,,,,,,,,,,,,,,,,,,,,,,,,,,,,,,,,,,,,,,,,,,,,,,,,,,,,,,,,,,,,,,,,,,,,,,,,,,,,,,,,,,,,,,,,,,,,,,,,,,,,,,,,,,,,,,,,,,,,,,,,,,,,,,,,,,,,,,,,,,,,,,,,,,,,,,,,,,,,,,,,,,,,,,,,,,,,,,,,,,,
Dotação Atualizada,17,TO,Tocantins,18253112.0,18105157.0,,,,,,,,,,,,17957361.0,,,231354.0,,231354.0,,,17586692.0,,17586692.0,,64256.0,,,,50446.0,,,,,,,,,,,,,,50446.0,24613.0,,,,,,,24613.0,,,147796.0,,147796.0,,,,,,,,,,,,,,,,147955.0,,,,,,,,,,,,,,,,,,,,,,,,,,,,,,,,,119000.0,,,,,,,,119000.0,,,,,,,,,,,28955.0,,,,,,7738.0,,,,,,,,,,,,,,,,,,,,,,,,,,,,,,,,,,,,,,,,,,,,,,,,,,,,,,,,,11403.0,9814.0,,,,,,,,,,,,,,,,,,,,,,,,,,,,,,,,,,,,,,,,,,,,,,,,,,,,,,,,,,,,,,,,,,,,,,,,,,,,,,,,,,,,,,,,,,,,,,,,,,,,,,,,,,,,,,,,,,,,,,,,,,,,,,,,,,,,,,,,,,,,18253112.0,18253112.0,,,,,18253112.0
Despesas Empenhadas,12,AC,Acre,433231.66,,,,,,,,,,,,,,,,,,,,,,,,,,,,,,,,,,,,,,,,,,,,,,,,,,,,,,,,,,,,,,,,,,,,,,,,433231.66,,,,,,,,,,,,,,,,,,,,,,,,,,,,,,,,,,,,,,,,,,,,,,,,,,,,433231.66,,,,,,1024.75,,,,,,,,,,,,,,,,,,,,,,,,,432206.91,,,,,,,,,,,,,,,,,,,,,,,,,,,,,,,,,,,,,,,,,,,,,,,,,,,,,,,,,,,,,,,,,,,,,,,,,,,,,,,,,,,,,,,,,,,,,,,,,,,,,,,,,,,,,,,,,,,,,,,,,,,,,,,,,,,,,,,,,,,,,,,,,,,,,,,,,,,,,,,,,,,,,,,,,,,,,433231.66,433231.66,,,,,433231.66
Despesas Empenhadas,27,AL,Alagoas,19760774.4,,,,,,,,,,,,,,,,,,,,,,,,,,,,,,,,,,,,,,,,,,,,,,,,,,,,,,,,,,,,,,,,,,,,,,,,19760774.4,,,,,,,,,,,13601000.35,,,,,,,,,,,,,,,13601000.35,13442500.35,158500.0,,,,,,,,,,,,,,,,,,,,,,,,6159774.05,,,,,,21255.0,,,,,10744.15,,,,,,,,,,,,,,,,,,10744.15,,,10914.72,,,,,,,,,,6113164.18,,,,,,,,,6113164.18,,,,,,,,,,,,3696.0,,,,,,,,,,,,,,,,,,,,,,,,,,,,,,,,,,,,,,,,,,,,,,,,,,,,,,,,,,,,,,,,,,,,,,,,,,,,,,,,,,,,,,,,,,,,,,,,,,,,,,,,,,,,,,,,,,,,,,,,,,,,,,,,,,,,,,,,,,,,,19760774.4,19760774.4,,,,,19760774.4
Despesas Empenhadas,16,AP,Amapá ,30968478.0,30968478.0,,,,,,,,,,,,30968478.0,,,30841315.0,30841315.0,,,,,,,,,,,,127163.0,,,,,,,,127163.0,,,,,,,,,,,,,,,,,,,,,,,,,,,,,,,,,,,,,,,,,,,,,,,,,,,,,,,,,,,,,,,,,,,,,,,,,,,,,,,,,,,,,,,,,,,,,,,,,,,,,,,,,,,,,,,,,,,,,,,,,,,,,,,,,,,,,,,,,,,,,,,,,,,,,,,,,,,,,,,,,,,,,,,,,,,,,,,,,,,,,,,,,,,,,,,,,,,,,,,,,,,,,,,,,,,,,,,,,,,,,,,,,,,,,,,,,,,,,,,,,,,,,,,,,,,,,,,,,,,,,,,,,,,,,,,,,,,,,,,,,,,,,,,,,,,30968478.0,30968478.0,,,,,30968478.0
Despesas Empenhadas,13,AM,Amazonas,18894.35,,,,,,,,,,,,,,,,,,,,,,,,,,,,,,,,,,,,,,,,,,,,,,,,,,,,,,,,,,,,,,,,,,,,,,,,18894.35,,,,,,,,,,,,,,,,,,,,,,,,,,,,,,,,,,,,,,,,,,,,,,,,,,,,18894.35,,,,,,1560.0,,,,,,,,,,,,,,,,,,,,,,,,,,,,,,,,,,,,17334.35,,,,,,,,,17334.35,,,,,,,,,,,,,,,,,,,,,,,,,,,,,,,,,,,,,,,,,,,,,,,,,,,,,,,,,,,,,,,,,,,,,,,,,,,,,,,,,,,,,,,,,,,,,,,,,,,,,,,,,,,,,,,,,,,,,,,,,,,,,,,,,,,,,,,,,,,,,,,,,,,,,,,,,18894.35,18894.35,,,,,18894.35
Despesas Empenhadas,29,BA,Bahia,80861801.96,,,,,,,,,,,,,,,,,,,,,,,,,,,,,,,,,,,,,,,,,,,,,,,,,,,,,,,,,,,,,,,,,,,,,,,,80861801.96,400000.0,,,,,,,,,,70842832.0,,,,,,,,,,,,,,,70842832.0,59039332.0,11803500.0,,,,,997835.7,,,,,,,,,997835.7,,,,,,,,,,8621134.26,,,,,,5335.0,,,,,52114.47,,,,,,,,,,,,,,,,,,52114.47,,,10850.21,,,,,,,,,,8027439.85,,,,,,,,,8027439.85,,,,,,,,,,,,525394.73,,,,,,,,,,,,,,,,,,,,,,,,,,,,,,,,,,,8083130.91,8083130.91,,,,,,,,3587530.0,,,,,,,,,,,,4495600.91,,,,,,,,,,,,,,,,,,,,,,,4495600.91,,4495600.91,,,,,,,,,,,,,,,,,,,,,,,,,,,,,,,,,,,,,,,,,,,,,,,,,,,,,,,,,,,,88944932.87,88944932.87,,,,,88944932.87
Despesas Empenhadas,23,CE,Ceará,106999809.99,,,,,,,,,,,,,,,,,,,,,,,,,,,,,,,,,,,,,,,,,,,,,,,,,,,,,,,,,,,,,,,,,,,,,,,,106999809.99,,,,,,,,,,,49534949.38,,,,3534949.38,,,,,,,,,,,46000000.0,46000000.0,,,,,,,,,,,,,,,,,,,,,,,,,57098436.01,,,,,,,,,,,,,,,,,,,,,,,,,,,,,,,,,,,,1333084.81,,,1333084.81,,,54848894.81,,,,,,,,,54848894.81,,,,,,,,,,,130701.56,785569.48,185.35,,,,366424.6,,,,,,,,,311390.01,,311390.01,,,55034.59,,,,,,,,,,,,,,,,4637459.5,4637459.5,,,,,,,4637459.5,,,,,,,,,,,,,,,,,,,,,,,,,,,,,,,,,,,,,,,,,,,,,,,,,,,,,,,,,,,,,,,,,,,,,,,,,,,,,,,,,,,,,,,,,,,,,,,,,,111637269.49,111637269.49,57464675.26,,57464675.26,,54172594.23
Despesas Empenhadas,53,DF,Distrito Federal,,,,,,,,,,,,,,,,,,,,,,,,,,,,,,,,,,,,,,,,,,,,,,,,,,,,,,,,,,,,,,,,,,,,,,,,,,,,,,,,,,,,,,,,,,,,,,,,,,,,,,,,,,,,,,,,,,,,,,,,,,,,,,,,,,,,,,,,,,,,,,,,,,,,,,,,,,,,,,,,,,,,,,,,,,,,,,,,,,,,,,,,,,,,,,,,,,,,,,,,,,,,,,,,,,,,,,,,,,,,,,,1384868.29,1384868.29,,,,,,,,,,,,,,,,,,,,1384868.29,,,,,,,,,,,,,,,,,,,,,,1384868.29,,,,,,,,,,,,,,,,,,,,,,,,,,,,,,,,,,,,,,,,,,,,,,,,,,,,,,,,,,,,,,,1384868.29,1384868.29,,,,,1384868.29
Despesas Empenhadas,32,ES,Espírito Santo,,,,,,,,,,,,,,,,,,,,,,,,,,,,,,,,,,,,,,,,,,,,,,,,,,,,,,,,,,,,,,,,,,,,,,,,,,,,,,,,,,,,,,,,,,,,,,,,,,,,,,,,,,,,,,,,,,,,,,,,,,,,,,,,,,,,,,,,,,,,,,,,,,,,,,,,,,,,,,,,,,,,,,,,,,,,,,,,,,,,,,,,,,,,,,,,,,,,,,,,,,,,,,,,,,,,,,,,,,,,,,,,,,,,,,,,,,,,,,,,,,,,,,,,,,,,,,,,,,,,,,,,,,,,,,,,,,,,,,,,,,,,,,,,,,,,,,,,,,,,,,,,,,,,,,,,,,,,,,,,,,,,,,,,,,,,,,,
Despesas Empenhadas,52,GO,Goiás,74179531.88,,,,,,,,,,,,,,,,,,,,,,,,,,,,,,,,,,,,,,,,,,,,,,,,,,,,,,,,,,,,,,,,,,,,,,,,74179531.88,,1137471.54,1137471.54,,1137471.54,,,,,,72633391.75,,,,,,,,,,,,,,,72633391.75,72633391.75,,,,,,,,,,,,,,,,,,,,,,,,,408668.59,,,,,,,,,,,,,,,,,,,,,,,,,,,,,,,,,,,,,,,,,,408668.59,,,,,,,,,408668.59,,,,,,,,,,,,,,,,,,,,,,,,,,,,,,,,,,,,,,,,,,,,,,,693868.0,693868.0,,,,,,,,262000.0,,,,,,,,,,,,431868.0,,,,,,,,,,,,,,,,,,,,,,,431868.0,,431868.0,,,,,,,,,,,,,,,,,,,,,,,,,,,,,,,,,,,,,,,,,,,,,,,,,,,,,,,,,,,,74873399.88,74873399.88,,,,,74873399.88
Despesas Empenhadas,21,MA,Maranhão,33154079.42,,,,,,,,,,,,,,,,,,,,,,,,,,,,,,,,,,,,,,,,,,,,,,,,,,,,,,,,,,,,,,,,,,,,,,,,33154079.42,,,,,,,,,,,,,,,,,,,,,,,,,,,,,,,,,,,,,,,,,,,,,,,,,,,,33154079.42,,,,,,293439.5,,,,,,,,,,,,,,,,,,,,,,,,,,,,,,,,,,,,30493140.89,,,,,,,,,30493140.89,,,,,,,,,,,,336862.0,2030637.03,,,,,,,,,,,,,,,,,,,,,,,,,,,,,,,,,,,,,,,,,,,,,,,,,,,,,,,,,,,,,,,,,,,,,,,,,,,,,,,,,,,,,,,,,,,,,,,,,,,,,,,,,,,,,,,,,,,,,,,,,,,,,,,,,,,,,,,,,,,,33154079.42,33154079.42,1814652.69,,,1814652.69,31339426.73
Despesas Empenhadas,51,MT,Mato Grosso,68320774.0,,,,,,,,,,,,,,,,,,,,,,,,,,,,,,,,,,,,,,,,,,,,,,,,,,,,,,,,,,,,,,,,,,,,,,,,68320774.0,,,,,,,,,,,68218548.0,,,,,,,,,,,,,,,68218548.0,68218548.0,,,,,,,,,,,,,,,,,,,,,,,,,102226.0,,,,,,74130.0,,,,,4000.0,,,,,,,,,,,,,,,,,,4000.0,,,19466.0,,,,,,,,,,4000.0,,,,,,,,,4000.0,,,,,,,,,,,,630.0,,,,,,,,,,,,,,,,,,,,,,,,,,,,,,,,,,,,,,,,,,,,,,,,,,,,,,,,,,,,,,,,,,,,,,,,,,,,,,,,,,,,,,,,,,,,,,,,,,,,,,,,,,,,,,,,,,,,,,,,,,,,,,,,,,,,,,,,,,,,,68320774.0,68320774.0,,,,,68320774.0
Despesas Empenhadas,50,MS,Mato Grosso do Sul,87922272.76,,,,,,,,,,,,,,,,,,,,,,,,,,,,,,,,,,,,,,,,,,,,,,,,,,,,,,,,,,,,,,,,,,,,,,,,87922272.76,,,,,,,,,,,60071203.95,,,,,,,,,,,,,,,60071203.95,60071203.95,,,,,,1133360.69,,,,,,,,1133360.69,,,,,,,,,,,26717708.12,,,,,,20717.46,,,,,37099.65,,,,,,,,,,,,,,37099.65,,37099.65,,,,26603469.76,12789.13,,,,22406.35,,,22406.35,,,,,,,,,,,,,,,,,,,,,,,,,5009.1,,,16216.67,,,,,,,,,,,,,,,,,,,,,,,,,,,,,,,1534347.79,1534347.79,,,,,,,,,,,,1534347.79,,,,,,,,,,,,,,,,,,,,,,,,,,,,,,,,,,,,,,,,,,,,,,,,,,,,,,,,,,,,,,,,,,,,,,,,,,,,,,,,,,,,,,,,,,,,,89456620.55,89456620.55,,,,,89456620.55
Despesas Empenhadas,31,MG,Minas Gerais,410684034.66,,,,,,,,,,,,,,,,,,,,,,,,,,,,,,,,,,,,,,,,,,,,,,,,,,,,,,,,,,,,,,,,,,,,,,,,410684034.66,,,,,,,,,,,410236136.63,,,,,,,,,,,,,,,410236136.63,409950569.85,285566.78,,,,,,,,,,,,,,,,,,,,,,,,447898.03,,,,,,325852.02,,,,,219.8,,,,,,,,,,,,,,,,,,219.8,,,8700.72,,,,10938.14,,,10938.14,,,102187.35,,,,,,,,,102187.35,,,,,,,,,,,,,,,,,,,,,,,,,,,,,,,,,,,,,,,,,,,,,,,12935.0,12935.0,,,,,,,,,,,,,,,,,,,,12935.0,,,,,,,,,,,,,,,,,,,,,,,12935.0,,12935.0,,,,,,,,,,,,,,,,,,,,,,,,,,,,,,,,,,,,,,,,,,,,,,,,,,,,,,,,,,,,410696969.66,410696969.66,,,,,410696969.66
Despesas Empenhadas,15,PA,Pará,38470627.47,,,,,,,,,,,,,,,,,,,,,,,,,,,,,,,,,,,,,,,,,,,,,,,,,,,,,,,,,,,,,,,,,,,,,,,,38470627.47,,,,,,,,,,,37171014.68,,,,,,,,,,,,,,,37171014.68,,,37171014.68,,,,,,,,,,,,,,,,,,,,,,,1299612.79,,,,,,462650.0,,,,,401758.14,28.66,79680.0,79680.0,,,,25662.65,4336.91,,11965.0,25846.0,510.0,,100322.9,,100322.9,,153406.02,,,104900.96,,,,15842.5,,,15842.5,,,305084.05,36638.0,,258.0,,,,,,268188.05,,,5523.62,,,,,,,,,3853.52,,,,,,,,,,,,,,,,,,,,,,,,,,,,,,,,,,,,,,,,,,,,,,,,,,,,,,,,,,,,,,,,,,,,,,,,,,,,,,,,,,,,,,,,,,,,,,,,,,,,,,,,,,,,,,,,,,,,,,,,,,,,,,,,,,,,,,,,,,,,,38470627.47,38470627.47,,,,,38470627.47
Despesas Empenhadas,25,PB,Paraíba,182467.29,,,,,,,,,,,,,,,,,,,,,,,,,,,,,,,,,,,,,,,,,,,,,,,,,,,,,,,,,,,,,,,,,,,,,,,,182467.29,,,,,,,,,,,,,,,,,,,,,,,,,,,,,,,,,,,,,,,,,,,,,,,,,,,,182467.29,,,,,,,,,,,,,,,,,,,,,,,,,,,,,,,,,,,,,,,,,,,,,,,,,,,,,,,,,,,,,,,,182467.29,,,,,,,,,,,,,,,,,,,,,,,,,,,,,,,,,,,,,,,,,,,,,,,,,,,,,,,,,,,,,,,,,,,,,,,,,,,,,,,,,,,,,,,,,,,,,,,,,,,,,,,,,,,,,,,,,,,,,,,,,,,,,,,,,,,,,,,,,,,,182467.29,182467.29,,,,,182467.29
Despesas Empenhadas,41,PR,Paraná,155145187.73,31655896.41,,,,,,,,,,,,31655896.41,,,4665425.07,,4665425.07,,,16793622.76,,16793622.76,10138006.83,,,7505.0,,46660.94,,,,,,,,,,,,,,46660.94,4675.81,,,,,,,4675.81,,,,,,,,,,,,,,,,,,,,,123489291.32,,,,,,,,,,,83257102.1,,,,55147.29,,,,,,,,,,,83201954.81,83201954.81,,,,,,2620000.0,,,,,,,,2620000.0,,,,,,,,,,,37612189.22,,,,,,,25000.0,,,,2393797.82,,,,,,,,,,,,,,,,,,2393797.82,,,137500.0,,,,26270.0,,,26270.0,,,34821338.97,,,,,24826925.7,,,24826925.7,9994413.27,,205000.8,,,,,,302.68,,,,2538.0,440.95,,,,,,,,,,,,,,,,,,,,,,,,,,,,,,,,,,124808535.14,124808535.14,,,,,,,16653915.83,103078370.66,,,,,,,,,,,,5076248.65,,,,,,,,,,,,,,,,,,,,,,5076248.65,,,,,,,,,,,,,,,,,,,,,,,,,,,,,,,,,,,,,,,,,,,,,,,,,,,,,,,,,,,,,,,279953722.87,279953722.87,,,,,279953722.87
Despesas Empenhadas,26,PE,Pernambuco,7177614.88,,,,,,,,,,,,,,,,,,,,,,,,,,,,,,,,,,,,,,,,,,,,,,,,,,,,,,,,,,,,,,,,,,,,,,,,7177614.88,,,,,,,,,,,6815909.42,,,,,,,,,,,,,,,6815909.42,,2425838.17,4390071.25,,,,200000.0,,,,,,,,,200000.0,,,,,,,,,,157634.89,,,,,,49899.91,,,,,,,,,,,,,,,,,,,,,,,,,,5422.99,,,,,,,,,,,,,,,,,,,,,,11534.31,,,,,,,,,73167.68,,,,17610.0,4070.57,,,,,,,,,4070.57,,4070.57,,,,,,,,,,,,,,,,,,,,,,,,,,,,,,,,,,,,,,,,,,,,,,,,,,,,,,,,,,,,,,,,,,,,,,,,,,,,,,,,,,,,,,,,,,,,,,,,,,,,,,,,,,,,,,,,,,,,,,,,,,,,,7177614.88,7177614.88,,,,,7177614.88
Despesas Empenhadas,22,PI,Piauí,49919314.76,,,,,,,,,,,,,,,,,,,,,,,,,,,,,,,,,,,,,,,,,,,,,,,,,,,,,,,,,,,,,,,,,,,,,,,,49919314.76,,,,,,,,,,,34674552.2,,,,17194146.16,,,,,,,,,,,17480406.04,17480406.04,,,,,,14320090.72,,,,,,,,14320090.72,,,,,,,,,,,924671.84,,,,,,,,,,,,,,,,,,,,,,,,,,,,,,,,,,,,,,,,,,,,,,,,,,,,,,,,,,,,,,,,924671.84,,,,,,,,,,,,,,,,,,,,,,,,,,,,,,,,,,,,,,,,,,,,,,,,,,,,,,,,,,,,,,,,,,,,,,,,,,,,,,,,,,,,,,,,,,,,,,,,,,,,,,,,,,,,,,,,,,,,,,,,,,,,,,,,,,,,,,,,,,,,49919314.76,49919314.76,,,,,49919314.76
Despesas Empenhadas,33,RJ,Rio de Janeiro,399822082.63,,,,,,,,,,,,,,,,,,,,,,,,,,,,,,,,,,,,,,,,,,,,,,,,,,,,,,,,,,,,,,,,,,,,,,,,399822082.63,,,,,,,,,,,399815069.63,,,,399815069.63,,,,,,,,,,,,,,,,,,,,,,,,,,,,,,,,,,,,,7013.0,,,,,,2488.0,,,,,,,,,,,,,,,,,,,,,,,,,,,,,,,,,,,,,,,,,,,,,,,,,,,,,,,,,4525.0,,,,,,,,,,,,,,,,,,,,,,,,,,,,,,,,,,,,,,,,,,,,,,,,,,,,,,,,,,,,,,,,,,,,,,,,,,,,,,,,,,,,,,,,,,,,,,,,,,,,,,,,,,,,,,,,,,,,,,,,,,,,,,,,,,,,,,,,,,,,,399822082.63,399822082.63,,,,,399822082.63
Despesas Empenhadas,24,RN,Rio Grande do Norte,10620.0,,,,,,,,,,,,,,,,,,,,,,,,,,,,,,,,,,,,,,,,,,,,,,,,,,,,,,,,,,,,,,,,,,,,,,,,10620.0,,,,,,,,,,,,,,,,,,,,,,,,,,,,,,,,,,,,,,,,,,,,,,,,,,,,10620.0,,,,,,,,,,,,,,,,,,,,,,,,,,,,,,,,,,,,,,,,,,6140.0,,,,,,,,,6140.0,,,,,,,,,,,,4480.0,,,,,,,,,,,,,,,,,,,,,,,,,,,,,,,,,,,,,,,,,,,,,,,,,,,,,,,,,,,,,,,,,,,,,,,,,,,,,,,,,,,,,,,,,,,,,,,,,,,,,,,,,,,,,,,,,,,,,,,,,,,,,,,,,,,,,,,,,,,,,10620.0,10620.0,,,,,10620.0
Despesas Empenhadas,43,RS,Rio Grande do Sul,260564074.13,,,,,,,,,,,,,,,,,,,,,,,,,,,,,,,,,,,,,,,,,,,,,,,,,,,,,,,,,,,,,,,,,,,,,,,,260564074.13,,,,,,,,,,,,,,,,,,,,,,,,,,,,,,,,,,,,,,,,,,,,,,,,,,,,,,,,,,,,,,,,,,,,,,,,,,,,,,,,,,,,,,,,,,,,,,,,,,,,,,,,,,,,,,,,,,,,,,,,,,,,,,,,,,,,,,,,,,,,,,,,,,,,,260564074.13,2656422.28,2656422.28,,,,,,,,,,,,,,,,,,,,2656422.28,,,,,,,,,,,,,,,,,,,,,,,,,,,,,,2656422.28,,,,,,,,,,,,,,,,,,,,,,,,,,,,,,,,,,,,,,,,,,,,,,,,,,,,,,,263220496.41,263220496.41,,,,,263220496.41
Despesas Empenhadas,11,RO,Rondônia,30309278.58,,,,,,,,,,,,,,,,,,,,,,,,,,,,,,,,,,,,,,,,,,,,,,,,,,,,,,,,,,,,,,,,,,,,,,,,30309278.58,,,,,,,,,,,5254284.0,,,,5254284.0,,,,,,,,,,,,,,,,,,19151950.96,,,,,,,,19151950.96,,,,,,,,,,,5903043.62,,,,,,160000.0,,,,,532981.66,,,,,,,,,,,,,,,,,,532981.66,,,,,,,,,,,,,1581701.01,,,,,,,,,1581701.01,,,,,,,,,,,3628360.95,,,,,,,,,,,,,,,,,,,,,,,,,,,,,,,,,,,,8969665.04,8969665.04,,,,,,,6681716.0,,,,,2287949.04,,,,,,,,,,,,,,,,,,,,,,,,,,,,,,,,,,,,,,,,,,,,,,,,,,,,,,,,,,,,,,,,,,,,,,,,,,,,,,,,,,,,,,,,,,,,,39278943.62,39278943.62,,,,,39278943.62
Despesas Empenhadas,14,RR,Roraima,300.0,,,,,,,,,,,,,,,,,,,,,,,,,,,,,,,,,,,,,,,,,,,,,,,,,,,,,,,,,,,,,,,,,,,,,,,,300.0,,,,,,,,,,,,,,,,,,,,,,,,,,,,,,,,,,,,,,,,,,,,,,,,,,,,300.0,,,,,,300.0,,,,,,,,,,,,,,,,,,,,,,,,,,,,,,,,,,,,,,,,,,,,,,,,,,,,,,,,,,,,,,,,,,,,,,,,,,,,,,,,,,,,,,,,,,,,,,,,,,,,,,,,,,,,,,,,,,,,,,,,,,,,,,,,,,,,,,,,,,,,,,,,,,,,,,,,,,,,,,,,,,,,,,,,,,,,,,,,,,,,,,,,,,,,,,,,,,,,,,300.0,300.0,,,,,300.0
Despesas Empenhadas,42,SC,Santa Catarina,81821403.49,,,,,,,,,,,,,,,,,,,,,,,,,,,,,,,,,,,,,,,,,,,,,,,,,,,,,,,,,,,,,,,,,,,,,,,,81821403.49,,,,,,,,,,,81755403.49,,,,249685.05,,,,,,,,,,,81505718.44,81504849.67,868.77,,,,,,,,,,,,,,,,,,,,,,,,66000.0,,,,,,,,,,,,,,,,,,,,,,,,,,,,,,,,,,,,,,,,,,66000.0,,,,,66000.0,,,66000.0,,,,,,,,,,,,,,,,,,,,,,,,,,,,,,,,,,,,,,,,,,,,,,,,5756659.15,5756659.15,,,,,,,5756659.15,,,,,,,,,,,,,,,,,,,,,,,,,,,,,,,,,,,,,,,,,,,,,,,,,,,,,,,,,,,,,,,,,,,,,,,,,,,,,,,,,,,,,,,,,,,,,,,,,,87578062.64,87578062.64,,,,,87578062.64
Despesas Empenhadas,35,SP,São Paulo,187385063.89,139898883.87,,,,,,,,,,,,95482105.87,,,,,,,,93492503.87,93492503.87,,,,1989602.0,,,,,,,,,,,,,,,,,,,,,,,,,,,,44416778.0,,44306721.0,,,,110057.0,,,,,,,,,,,,47486180.02,,,,,,,,,,,19948518.0,,,,,,,,,,,,,,,19948518.0,,,19948518.0,,,,,,,,,,,,,,,,,,,,,,,,,,,,,,,,,,,,,,,,,,,,,,,,,,,,,,,,,,,,,,,,,,,,,,,,,,,,,,,,,,,,,,,,,,,27537662.02,,1677648.0,,,,,1677648.0,,,,,1293221.92,,,,,,24566792.1,,,,,,,,,,,,,,,,,,,,,,,,,,,,,,,,,,,,,,,,,,,,,,,,,,,,,,,,,,,,,,,,,,,,,,,,,,,,,,,,,,,,,,,,,,,,,,,,,,,,,,,,,,,,,,,,,,,,,,187385063.89,187385063.89,,,,,187385063.89
Despesas Empenhadas,28,SE,Sergipe,,,,,,,,,,,,,,,,,,,,,,,,,,,,,,,,,,,,,,,,,,,,,,,,,,,,,,,,,,,,,,,,,,,,,,,,,,,,,,,,,,,,,,,,,,,,,,,,,,,,,,,,,,,,,,,,,,,,,,,,,,,,,,,,,,,,,,,,,,,,,,,,,,,,,,,,,,,,,,,,,,,,,,,,,,,,,,,,,,,,,,,,,,,,,,,,,,,,,,,,,,,,,,,,,,,,,,,,,,,,,,,,,,,,,,,,,,,,,,,,,,,,,,,,,,,,,,,,,,,,,,,,,,,,,,,,,,,,,,,,,,,,,,,,,,,,,,,,,,,,,,,,,,,,,,,,,,,,,,,,,,,,,,,,,,,,,,,
Despesas Empenhadas,17,TO,Tocantins,18134076.73,18105153.74,,,,,,,,,,,,17957358.25,,,231353.59,212760.67,18592.92,,,17586691.18,16001867.04,1584824.14,,64255.36,,,,50445.18,,,174.76,,,50270.42,,,,,,,,,24612.94,24612.94,,,,,,,,,147795.49,,147795.49,,,,,,,,,,,,,,,,28922.99,,,,,,,,,,,,,,,,,,,,,,,,,,,,,,,,,,,,,,,,,,,,,,,,,,,,28922.99,,,,,,7737.75,,,,,,,,,,,,,,,,,,,,,,,,,,,,,,,,,,,,,,,,,,,,,,,,,,,,,,,,,11402.81,9782.43,,,,,,,,,,,,,,,,,,,,,,,,,,,,,,,,,,,,,,,,,,,,,,,,,,,,,,,,,,,,,,,,,,,,,,,,,,,,,,,,,,,,,,,,,,,,,,,,,,,,,,,,,,,,,,,,,,,,,,,,,,,,,,,,,,,,,,,,,,,,18134076.73,18134076.73,,,,,18134076.73
Despesas Liquidadas,12,AC,Acre,162244.98,,,,,,,,,,,,,,,,,,,,,,,,,,,,,,,,,,,,,,,,,,,,,,,,,,,,,,,,,,,,,,,,,,,,,,,,162244.98,,,,,,,,,,,,,,,,,,,,,,,,,,,,,,,,,,,,,,,,,,,,,,,,,,,,162244.98,,,,,,1024.75,,,,,,,,,,,,,,,,,,,,,,,,,161220.23,,,,,,,,,,,,,,,,,,,,,,,,,,,,,,,,,,,,,,,,,,,,,,,,,,,,,,,,,,,,,,,,,,,,,,,,,,,,,,,,,,,,,,,,,,,,,,,,,,,,,,,,,,,,,,,,,,,,,,,,,,,,,,,,,,,,,,,,,,,,,,,,,,,,,,,,,,,,,,,,,,,,,,,,,,,,,162244.98,162244.98,,,,,162244.98
Despesas Liquidadas,27,AL,Alagoas,19754017.68,,,,,,,,,,,,,,,,,,,,,,,,,,,,,,,,,,,,,,,,,,,,,,,,,,,,,,,,,,,,,,,,,,,,,,,,19754017.68,,,,,,,,,,,13601000.35,,,,,,,,,,,,,,,13601000.35,13442500.35,158500.0,,,,,,,,,,,,,,,,,,,,,,,,6153017.33,,,,,,21255.0,,,,,10744.15,,,,,,,,,,,,,,,,,,10744.15,,,6458.0,,,,,,,,,,6110864.18,,,,,,,,,6110864.18,,,,,,,,,,,,3696.0,,,,,,,,,,,,,,,,,,,,,,,,,,,,,,,,,,,,,,,,,,,,,,,,,,,,,,,,,,,,,,,,,,,,,,,,,,,,,,,,,,,,,,,,,,,,,,,,,,,,,,,,,,,,,,,,,,,,,,,,,,,,,,,,,,,,,,,,,,,,,19754017.68,19754017.68,,,,,19754017.68
Despesas Liquidadas,16,AP,Amapá ,30904333.0,30904333.0,,,,,,,,,,,,30904333.0,,,30840315.0,30840315.0,,,,,,,,,,,,64018.0,,,,,,,,64018.0,,,,,,,,,,,,,,,,,,,,,,,,,,,,,,,,,,,,,,,,,,,,,,,,,,,,,,,,,,,,,,,,,,,,,,,,,,,,,,,,,,,,,,,,,,,,,,,,,,,,,,,,,,,,,,,,,,,,,,,,,,,,,,,,,,,,,,,,,,,,,,,,,,,,,,,,,,,,,,,,,,,,,,,,,,,,,,,,,,,,,,,,,,,,,,,,,,,,,,,,,,,,,,,,,,,,,,,,,,,,,,,,,,,,,,,,,,,,,,,,,,,,,,,,,,,,,,,,,,,,,,,,,,,,,,,,,,,,,,,,,,,,,,,,,,,30904333.0,30904333.0,,,,,30904333.0
Despesas Liquidadas,13,AM,Amazonas,18894.35,,,,,,,,,,,,,,,,,,,,,,,,,,,,,,,,,,,,,,,,,,,,,,,,,,,,,,,,,,,,,,,,,,,,,,,,18894.35,,,,,,,,,,,,,,,,,,,,,,,,,,,,,,,,,,,,,,,,,,,,,,,,,,,,18894.35,,,,,,1560.0,,,,,,,,,,,,,,,,,,,,,,,,,,,,,,,,,,,,17334.35,,,,,,,,,17334.35,,,,,,,,,,,,,,,,,,,,,,,,,,,,,,,,,,,,,,,,,,,,,,,,,,,,,,,,,,,,,,,,,,,,,,,,,,,,,,,,,,,,,,,,,,,,,,,,,,,,,,,,,,,,,,,,,,,,,,,,,,,,,,,,,,,,,,,,,,,,,,,,,,,,,,,,,18894.35,18894.35,,,,,18894.35
Despesas Liquidadas,29,BA,Bahia,80861801.96,,,,,,,,,,,,,,,,,,,,,,,,,,,,,,,,,,,,,,,,,,,,,,,,,,,,,,,,,,,,,,,,,,,,,,,,80861801.96,400000.0,,,,,,,,,,70842832.0,,,,,,,,,,,,,,,70842832.0,59039332.0,11803500.0,,,,,997835.7,,,,,,,,,997835.7,,,,,,,,,,8621134.26,,,,,,5335.0,,,,,52114.47,,,,,,,,,,,,,,,,,,52114.47,,,10850.21,,,,,,,,,,8027439.85,,,,,,,,,8027439.85,,,,,,,,,,,,525394.73,,,,,,,,,,,,,,,,,,,,,,,,,,,,,,,,,,,8083130.91,8083130.91,,,,,,,,3587530.0,,,,,,,,,,,,4495600.91,,,,,,,,,,,,,,,,,,,,,,,4495600.91,,4495600.91,,,,,,,,,,,,,,,,,,,,,,,,,,,,,,,,,,,,,,,,,,,,,,,,,,,,,,,,,,,,88944932.87,88944932.87,,,,,88944932.87
Despesas Liquidadas,23,CE,Ceará,97549391.39,,,,,,,,,,,,,,,,,,,,,,,,,,,,,,,,,,,,,,,,,,,,,,,,,,,,,,,,,,,,,,,,,,,,,,,,97549391.39,,,,,,,,,,,49384949.38,,,,3384949.38,,,,,,,,,,,46000000.0,46000000.0,,,,,,,,,,,,,,,,,,,,,,,,,47854645.43,,,,,,,,,,,,,,,,,,,,,,,,,,,,,,,,,,,,1180654.97,,,1180654.97,,,45904658.05,,,,,,,,,45904658.05,,,,,,,,,,,15105.32,754041.74,185.35,,,,309796.58,,,,,,,,,254761.99,,254761.99,,,55034.59,,,,,,,,,,,,,,,,4452165.67,4452165.67,,,,,,,4452165.67,,,,,,,,,,,,,,,,,,,,,,,,,,,,,,,,,,,,,,,,,,,,,,,,,,,,,,,,,,,,,,,,,,,,,,,,,,,,,,,,,,,,,,,,,,,,,,,,,,102001557.06,102001557.06,48164256.66,,48164256.66,,53837300.4
Despesas Liquidadas,53,DF,Distrito Federal,,,,,,,,,,,,,,,,,,,,,,,,,,,,,,,,,,,,,,,,,,,,,,,,,,,,,,,,,,,,,,,,,,,,,,,,,,,,,,,,,,,,,,,,,,,,,,,,,,,,,,,,,,,,,,,,,,,,,,,,,,,,,,,,,,,,,,,,,,,,,,,,,,,,,,,,,,,,,,,,,,,,,,,,,,,,,,,,,,,,,,,,,,,,,,,,,,,,,,,,,,,,,,,,,,,,,,,,,,,,,,,928372.58,928372.58,,,,,,,,,,,,,,,,,,,,928372.58,,,,,,,,,,,,,,,,,,,,,,928372.58,,,,,,,,,,,,,,,,,,,,,,,,,,,,,,,,,,,,,,,,,,,,,,,,,,,,,,,,,,,,,,,928372.58,928372.58,,,,,928372.58
Despesas Liquidadas,32,ES,Espírito Santo,,,,,,,,,,,,,,,,,,,,,,,,,,,,,,,,,,,,,,,,,,,,,,,,,,,,,,,,,,,,,,,,,,,,,,,,,,,,,,,,,,,,,,,,,,,,,,,,,,,,,,,,,,,,,,,,,,,,,,,,,,,,,,,,,,,,,,,,,,,,,,,,,,,,,,,,,,,,,,,,,,,,,,,,,,,,,,,,,,,,,,,,,,,,,,,,,,,,,,,,,,,,,,,,,,,,,,,,,,,,,,,,,,,,,,,,,,,,,,,,,,,,,,,,,,,,,,,,,,,,,,,,,,,,,,,,,,,,,,,,,,,,,,,,,,,,,,,,,,,,,,,,,,,,,,,,,,,,,,,,,,,,,,,,,,,,,,,
Despesas Liquidadas,52,GO,Goiás,73715812.75,,,,,,,,,,,,,,,,,,,,,,,,,,,,,,,,,,,,,,,,,,,,,,,,,,,,,,,,,,,,,,,,,,,,,,,,73715812.75,,1038000.0,1038000.0,,1038000.0,,,,,,72633391.75,,,,,,,,,,,,,,,72633391.75,72633391.75,,,,,,,,,,,,,,,,,,,,,,,,,44421.0,,,,,,,,,,,,,,,,,,,,,,,,,,,,,,,,,,,,,,,,,,44421.0,,,,,,,,,44421.0,,,,,,,,,,,,,,,,,,,,,,,,,,,,,,,,,,,,,,,,,,,,,,,262000.0,262000.0,,,,,,,,262000.0,,,,,,,,,,,,,,,,,,,,,,,,,,,,,,,,,,,,,,,,,,,,,,,,,,,,,,,,,,,,,,,,,,,,,,,,,,,,,,,,,,,,,,,,,,,,,,,,,73977812.75,73977812.75,,,,,73977812.75
Despesas Liquidadas,21,MA,Maranhão,33154079.42,,,,,,,,,,,,,,,,,,,,,,,,,,,,,,,,,,,,,,,,,,,,,,,,,,,,,,,,,,,,,,,,,,,,,,,,33154079.42,,,,,,,,,,,,,,,,,,,,,,,,,,,,,,,,,,,,,,,,,,,,,,,,,,,,33154079.42,,,,,,293439.5,,,,,,,,,,,,,,,,,,,,,,,,,,,,,,,,,,,,30493140.89,,,,,,,,,30493140.89,,,,,,,,,,,,336862.0,2030637.03,,,,,,,,,,,,,,,,,,,,,,,,,,,,,,,,,,,,,,,,,,,,,,,,,,,,,,,,,,,,,,,,,,,,,,,,,,,,,,,,,,,,,,,,,,,,,,,,,,,,,,,,,,,,,,,,,,,,,,,,,,,,,,,,,,,,,,,,,,,,33154079.42,33154079.42,1814652.69,,,1814652.69,31339426.73
Despesas Liquidadas,51,MT,Mato Grosso,68306577.52,,,,,,,,,,,,,,,,,,,,,,,,,,,,,,,,,,,,,,,,,,,,,,,,,,,,,,,,,,,,,,,,,,,,,,,,68306577.52,,,,,,,,,,,68218548.0,,,,,,,,,,,,,,,68218548.0,68218548.0,,,,,,,,,,,,,,,,,,,,,,,,,88029.52,,,,,,74130.0,,,,,4000.0,,,,,,,,,,,,,,,,,,4000.0,,,5269.52,,,,,,,,,,4000.0,,,,,,,,,4000.0,,,,,,,,,,,,630.0,,,,,,,,,,,,,,,,,,,,,,,,,,,,,,,,,,,,,,,,,,,,,,,,,,,,,,,,,,,,,,,,,,,,,,,,,,,,,,,,,,,,,,,,,,,,,,,,,,,,,,,,,,,,,,,,,,,,,,,,,,,,,,,,,,,,,,,,,,,,,68306577.52,68306577.52,,,,,68306577.52
Despesas Liquidadas,50,MS,Mato Grosso do Sul,74819240.08,,,,,,,,,,,,,,,,,,,,,,,,,,,,,,,,,,,,,,,,,,,,,,,,,,,,,,,,,,,,,,,,,,,,,,,,74819240.08,,,,,,,,,,,47072923.52,,,,,,,,,,,,,,,47072923.52,47072923.52,,,,,,1032972.44,,,,,,,,1032972.44,,,,,,,,,,,26713344.12,,,,,,20717.46,,,,,37099.65,,,,,,,,,,,,,,37099.65,,37099.65,,,,26603469.76,12789.13,,,,21542.35,,,21542.35,,,,,,,,,,,,,,,,,,,,,,,,,5009.1,,,12716.67,,,,,,,,,,,,,,,,,,,,,,,,,,,,,,,1236747.79,1236747.79,,,,,,,,,,,,1236747.79,,,,,,,,,,,,,,,,,,,,,,,,,,,,,,,,,,,,,,,,,,,,,,,,,,,,,,,,,,,,,,,,,,,,,,,,,,,,,,,,,,,,,,,,,,,,,76055987.87,76055987.87,,,,,76055987.87
Despesas Liquidadas,31,MG,Minas Gerais,244815302.34,,,,,,,,,,,,,,,,,,,,,,,,,,,,,,,,,,,,,,,,,,,,,,,,,,,,,,,,,,,,,,,,,,,,,,,,244815302.34,,,,,,,,,,,244382689.5,,,,,,,,,,,,,,,244382689.5,244097122.72,285566.78,,,,,,,,,,,,,,,,,,,,,,,,432612.84,,,,,,325852.02,,,,,219.8,,,,,,,,,,,,,,,,,,219.8,,,8700.72,,,,10938.14,,,10938.14,,,86902.16,,,,,,,,,86902.16,,,,,,,,,,,,,,,,,,,,,,,,,,,,,,,,,,,,,,,,,,,,,,,12935.0,12935.0,,,,,,,,,,,,,,,,,,,,12935.0,,,,,,,,,,,,,,,,,,,,,,,12935.0,,12935.0,,,,,,,,,,,,,,,,,,,,,,,,,,,,,,,,,,,,,,,,,,,,,,,,,,,,,,,,,,,,244828237.34,244828237.34,,,,,244828237.34
Despesas Liquidadas,15,PA,Pará,38470627.47,,,,,,,,,,,,,,,,,,,,,,,,,,,,,,,,,,,,,,,,,,,,,,,,,,,,,,,,,,,,,,,,,,,,,,,,38470627.47,,,,,,,,,,,37171014.68,,,,,,,,,,,,,,,37171014.68,,,37171014.68,,,,,,,,,,,,,,,,,,,,,,,1299612.79,,,,,,462650.0,,,,,401758.14,28.66,79680.0,79680.0,,,,25662.65,4336.91,,11965.0,25846.0,510.0,,100322.9,,100322.9,,153406.02,,,104900.96,,,,15842.5,,,15842.5,,,305084.05,36638.0,,258.0,,,,,,268188.05,,,5523.62,,,,,,,,,3853.52,,,,,,,,,,,,,,,,,,,,,,,,,,,,,,,,,,,,,,,,,,,,,,,,,,,,,,,,,,,,,,,,,,,,,,,,,,,,,,,,,,,,,,,,,,,,,,,,,,,,,,,,,,,,,,,,,,,,,,,,,,,,,,,,,,,,,,,,,,,,,38470627.47,38470627.47,,,,,38470627.47
Despesas Liquidadas,25,PB,Paraíba,182467.29,,,,,,,,,,,,,,,,,,,,,,,,,,,,,,,,,,,,,,,,,,,,,,,,,,,,,,,,,,,,,,,,,,,,,,,,182467.29,,,,,,,,,,,,,,,,,,,,,,,,,,,,,,,,,,,,,,,,,,,,,,,,,,,,182467.29,,,,,,,,,,,,,,,,,,,,,,,,,,,,,,,,,,,,,,,,,,,,,,,,,,,,,,,,,,,,,,,,182467.29,,,,,,,,,,,,,,,,,,,,,,,,,,,,,,,,,,,,,,,,,,,,,,,,,,,,,,,,,,,,,,,,,,,,,,,,,,,,,,,,,,,,,,,,,,,,,,,,,,,,,,,,,,,,,,,,,,,,,,,,,,,,,,,,,,,,,,,,,,,,182467.29,182467.29,,,,,182467.29
Despesas Liquidadas,41,PR,Paraná,137816040.76,31262281.11,,,,,,,,,,,,31262281.11,,,4271809.77,,4271809.77,,,16793622.76,,16793622.76,10138006.83,,,7505.0,,46660.94,,,,,,,,,,,,,,46660.94,4675.81,,,,,,,4675.81,,,,,,,,,,,,,,,,,,,,,106553759.65,,,,,,,,,,,70679304.84,,,,55147.29,,,,,,,,,,,70624157.55,70624157.55,,,,,,2292500.0,,,,,,,,2292500.0,,,,,,,,,,,33581954.81,,,,,,,25000.0,,,,1014126.43,,,,,,,,,,,,,,,,,,1014126.43,,,137500.0,,,,26270.0,,,26270.0,,,32174886.64,,,,,23672193.82,,,23672193.82,8502692.82,,200890.11,,,,,,302.68,,,,2538.0,440.95,,,,,,,,,,,,,,,,,,,,,,,,,,,,,,,,,,92546692.18,92546692.18,,,,,,,3242699.52,85955438.21,,,,,,,,,,,,3348554.45,,,,,,,,,,,,,,,,,,,,,,3348554.45,,,,,,,,,,,,,,,,,,,,,,,,,,,,,,,,,,,,,,,,,,,,,,,,,,,,,,,,,,,,,,,230362732.94,230362732.94,,,,,230362732.94
Despesas Liquidadas,26,PE,Pernambuco,7177614.88,,,,,,,,,,,,,,,,,,,,,,,,,,,,,,,,,,,,,,,,,,,,,,,,,,,,,,,,,,,,,,,,,,,,,,,,7177614.88,,,,,,,,,,,6815909.42,,,,,,,,,,,,,,,6815909.42,,2425838.17,4390071.25,,,,200000.0,,,,,,,,,200000.0,,,,,,,,,,157634.89,,,,,,49899.91,,,,,,,,,,,,,,,,,,,,,,,,,,5422.99,,,,,,,,,,,,,,,,,,,,,,11534.31,,,,,,,,,73167.68,,,,17610.0,4070.57,,,,,,,,,4070.57,,4070.57,,,,,,,,,,,,,,,,,,,,,,,,,,,,,,,,,,,,,,,,,,,,,,,,,,,,,,,,,,,,,,,,,,,,,,,,,,,,,,,,,,,,,,,,,,,,,,,,,,,,,,,,,,,,,,,,,,,,,,,,,,,,,7177614.88,7177614.88,,,,,7177614.88
Despesas Liquidadas,22,PI,Piauí,49859314.76,,,,,,,,,,,,,,,,,,,,,,,,,,,,,,,,,,,,,,,,,,,,,,,,,,,,,,,,,,,,,,,,,,,,,,,,49859314.76,,,,,,,,,,,34614552.2,,,,17134146.16,,,,,,,,,,,17480406.04,17480406.04,,,,,,14320090.72,,,,,,,,14320090.72,,,,,,,,,,,924671.84,,,,,,,,,,,,,,,,,,,,,,,,,,,,,,,,,,,,,,,,,,,,,,,,,,,,,,,,,,,,,,,,924671.84,,,,,,,,,,,,,,,,,,,,,,,,,,,,,,,,,,,,,,,,,,,,,,,,,,,,,,,,,,,,,,,,,,,,,,,,,,,,,,,,,,,,,,,,,,,,,,,,,,,,,,,,,,,,,,,,,,,,,,,,,,,,,,,,,,,,,,,,,,,,49859314.76,49859314.76,,,,,49859314.76
Despesas Liquidadas,33,RJ,Rio de Janeiro,399822082.63,,,,,,,,,,,,,,,,,,,,,,,,,,,,,,,,,,,,,,,,,,,,,,,,,,,,,,,,,,,,,,,,,,,,,,,,399822082.63,,,,,,,,,,,399815069.63,,,,399815069.63,,,,,,,,,,,,,,,,,,,,,,,,,,,,,,,,,,,,,7013.0,,,,,,2488.0,,,,,,,,,,,,,,,,,,,,,,,,,,,,,,,,,,,,,,,,,,,,,,,,,,,,,,,,,4525.0,,,,,,,,,,,,,,,,,,,,,,,,,,,,,,,,,,,,,,,,,,,,,,,,,,,,,,,,,,,,,,,,,,,,,,,,,,,,,,,,,,,,,,,,,,,,,,,,,,,,,,,,,,,,,,,,,,,,,,,,,,,,,,,,,,,,,,,,,,,,,399822082.63,399822082.63,,,,,399822082.63
Despesas Liquidadas,24,RN,Rio Grande do Norte,10620.0,,,,,,,,,,,,,,,,,,,,,,,,,,,,,,,,,,,,,,,,,,,,,,,,,,,,,,,,,,,,,,,,,,,,,,,,10620.0,,,,,,,,,,,,,,,,,,,,,,,,,,,,,,,,,,,,,,,,,,,,,,,,,,,,10620.0,,,,,,,,,,,,,,,,,,,,,,,,,,,,,,,,,,,,,,,,,,6140.0,,,,,,,,,6140.0,,,,,,,,,,,,4480.0,,,,,,,,,,,,,,,,,,,,,,,,,,,,,,,,,,,,,,,,,,,,,,,,,,,,,,,,,,,,,,,,,,,,,,,,,,,,,,,,,,,,,,,,,,,,,,,,,,,,,,,,,,,,,,,,,,,,,,,,,,,,,,,,,,,,,,,,,,,,,10620.0,10620.0,,,,,10620.0
Despesas Liquidadas,43,RS,Rio Grande do Sul,260564074.13,,,,,,,,,,,,,,,,,,,,,,,,,,,,,,,,,,,,,,,,,,,,,,,,,,,,,,,,,,,,,,,,,,,,,,,,260564074.13,,,,,,,,,,,,,,,,,,,,,,,,,,,,,,,,,,,,,,,,,,,,,,,,,,,,,,,,,,,,,,,,,,,,,,,,,,,,,,,,,,,,,,,,,,,,,,,,,,,,,,,,,,,,,,,,,,,,,,,,,,,,,,,,,,,,,,,,,,,,,,,,,,,,,260564074.13,2656422.28,2656422.28,,,,,,,,,,,,,,,,,,,,2656422.28,,,,,,,,,,,,,,,,,,,,,,,,,,,,,,2656422.28,,,,,,,,,,,,,,,,,,,,,,,,,,,,,,,,,,,,,,,,,,,,,,,,,,,,,,,263220496.41,263220496.41,,,,,263220496.41
Despesas Liquidadas,11,RO,Rondônia,27674068.88,,,,,,,,,,,,,,,,,,,,,,,,,,,,,,,,,,,,,,,,,,,,,,,,,,,,,,,,,,,,,,,,,,,,,,,,27674068.88,,,,,,,,,,,3378284.0,,,,3378284.0,,,,,,,,,,,,,,,,,,18703243.0,,,,,,,,18703243.0,,,,,,,,,,,5592541.88,,,,,,160000.0,,,,,532981.66,,,,,,,,,,,,,,,,,,532981.66,,,,,,,,,,,,,1581701.01,,,,,,,,,1581701.01,,,,,,,,,,,3317859.21,,,,,,,,,,,,,,,,,,,,,,,,,,,,,,,,,,,,6490373.0,6490373.0,,,,,,,5053716.0,,,,,1436657.0,,,,,,,,,,,,,,,,,,,,,,,,,,,,,,,,,,,,,,,,,,,,,,,,,,,,,,,,,,,,,,,,,,,,,,,,,,,,,,,,,,,,,,,,,,,,,34164441.88,34164441.88,,,,,34164441.88
Despesas Liquidadas,14,RR,Roraima,300.0,,,,,,,,,,,,,,,,,,,,,,,,,,,,,,,,,,,,,,,,,,,,,,,,,,,,,,,,,,,,,,,,,,,,,,,,300.0,,,,,,,,,,,,,,,,,,,,,,,,,,,,,,,,,,,,,,,,,,,,,,,,,,,,300.0,,,,,,300.0,,,,,,,,,,,,,,,,,,,,,,,,,,,,,,,,,,,,,,,,,,,,,,,,,,,,,,,,,,,,,,,,,,,,,,,,,,,,,,,,,,,,,,,,,,,,,,,,,,,,,,,,,,,,,,,,,,,,,,,,,,,,,,,,,,,,,,,,,,,,,,,,,,,,,,,,,,,,,,,,,,,,,,,,,,,,,,,,,,,,,,,,,,,,,,,,,,,,,,300.0,300.0,,,,,300.0
Despesas Liquidadas,42,SC,Santa Catarina,81430173.96,,,,,,,,,,,,,,,,,,,,,,,,,,,,,,,,,,,,,,,,,,,,,,,,,,,,,,,,,,,,,,,,,,,,,,,,81430173.96,,,,,,,,,,,81364173.96,,,,249685.05,,,,,,,,,,,81114488.91,81113620.14,868.77,,,,,,,,,,,,,,,,,,,,,,,,66000.0,,,,,,,,,,,,,,,,,,,,,,,,,,,,,,,,,,,,,,,,,,66000.0,,,,,66000.0,,,66000.0,,,,,,,,,,,,,,,,,,,,,,,,,,,,,,,,,,,,,,,,,,,,,,,,5756659.15,5756659.15,,,,,,,5756659.15,,,,,,,,,,,,,,,,,,,,,,,,,,,,,,,,,,,,,,,,,,,,,,,,,,,,,,,,,,,,,,,,,,,,,,,,,,,,,,,,,,,,,,,,,,,,,,,,,,87186833.11,87186833.11,,,,,87186833.11
Despesas Liquidadas,35,SP,São Paulo,187385063.89,139898883.87,,,,,,,,,,,,95482105.87,,,,,,,,93492503.87,93492503.87,,,,1989602.0,,,,,,,,,,,,,,,,,,,,,,,,,,,,44416778.0,,44306721.0,,,,110057.0,,,,,,,,,,,,47486180.02,,,,,,,,,,,19948518.0,,,,,,,,,,,,,,,19948518.0,,,19948518.0,,,,,,,,,,,,,,,,,,,,,,,,,,,,,,,,,,,,,,,,,,,,,,,,,,,,,,,,,,,,,,,,,,,,,,,,,,,,,,,,,,,,,,,,,,,27537662.02,,1677648.0,,,,,1677648.0,,,,,1293221.92,,,,,,24566792.1,,,,,,,,,,,,,,,,,,,,,,,,,,,,,,,,,,,,,,,,,,,,,,,,,,,,,,,,,,,,,,,,,,,,,,,,,,,,,,,,,,,,,,,,,,,,,,,,,,,,,,,,,,,,,,,,,,,,,,187385063.89,187385063.89,,,,,187385063.89
Despesas Liquidadas,28,SE,Sergipe,,,,,,,,,,,,,,,,,,,,,,,,,,,,,,,,,,,,,,,,,,,,,,,,,,,,,,,,,,,,,,,,,,,,,,,,,,,,,,,,,,,,,,,,,,,,,,,,,,,,,,,,,,,,,,,,,,,,,,,,,,,,,,,,,,,,,,,,,,,,,,,,,,,,,,,,,,,,,,,,,,,,,,,,,,,,,,,,,,,,,,,,,,,,,,,,,,,,,,,,,,,,,,,,,,,,,,,,,,,,,,,,,,,,,,,,,,,,,,,,,,,,,,,,,,,,,,,,,,,,,,,,,,,,,,,,,,,,,,,,,,,,,,,,,,,,,,,,,,,,,,,,,,,,,,,,,,,,,,,,,,,,,,,,,,,,,,,
Despesas Liquidadas,17,TO,Tocantins,18134076.73,18105153.74,,,,,,,,,,,,17957358.25,,,231353.59,212760.67,18592.92,,,17586691.18,16001867.04,1584824.14,,64255.36,,,,50445.18,,,174.76,,,50270.42,,,,,,,,,24612.94,24612.94,,,,,,,,,147795.49,,147795.49,,,,,,,,,,,,,,,,28922.99,,,,,,,,,,,,,,,,,,,,,,,,,,,,,,,,,,,,,,,,,,,,,,,,,,,,28922.99,,,,,,7737.75,,,,,,,,,,,,,,,,,,,,,,,,,,,,,,,,,,,,,,,,,,,,,,,,,,,,,,,,,11402.81,9782.43,,,,,,,,,,,,,,,,,,,,,,,,,,,,,,,,,,,,,,,,,,,,,,,,,,,,,,,,,,,,,,,,,,,,,,,,,,,,,,,,,,,,,,,,,,,,,,,,,,,,,,,,,,,,,,,,,,,,,,,,,,,,,,,,,,,,,,,,,,,,18134076.73,18134076.73,,,,,18134076.73
Despesas Pagas,12,AC,Acre,1024.75,,,,,,,,,,,,,,,,,,,,,,,,,,,,,,,,,,,,,,,,,,,,,,,,,,,,,,,,,,,,,,,,,,,,,,,,1024.75,,,,,,,,,,,,,,,,,,,,,,,,,,,,,,,,,,,,,,,,,,,,,,,,,,,,1024.75,,,,,,1024.75,,,,,,,,,,,,,,,,,,,,,,,,,,,,,,,,,,,,,,,,,,,,,,,,,,,,,,,,,,,,,,,,,,,,,,,,,,,,,,,,,,,,,,,,,,,,,,,,,,,,,,,,,,,,,,,,,,,,,,,,,,,,,,,,,,,,,,,,,,,,,,,,,,,,,,,,,,,,,,,,,,,,,,,,,,,,,,,,,,,,,,,,,,,,,,,,,,,,,,1024.75,1024.75,,,,,1024.75
Despesas Pagas,27,AL,Alagoas,18031729.76,,,,,,,,,,,,,,,,,,,,,,,,,,,,,,,,,,,,,,,,,,,,,,,,,,,,,,,,,,,,,,,,,,,,,,,,18031729.76,,,,,,,,,,,11890100.35,,,,,,,,,,,,,,,11890100.35,11890100.35,,,,,,,,,,,,,,,,,,,,,,,,,6141629.41,,,,,,21255.0,,,,,10744.15,,,,,,,,,,,,,,,,,,10744.15,,,3320.08,,,,,,,,,,6102614.18,,,,,,,,,6102614.18,,,,,,,,,,,,3696.0,,,,,,,,,,,,,,,,,,,,,,,,,,,,,,,,,,,,,,,,,,,,,,,,,,,,,,,,,,,,,,,,,,,,,,,,,,,,,,,,,,,,,,,,,,,,,,,,,,,,,,,,,,,,,,,,,,,,,,,,,,,,,,,,,,,,,,,,,,,,,18031729.76,18031729.76,,,,,18031729.76
Despesas Pagas,16,AP,Amapá ,30904333.0,30904333.0,,,,,,,,,,,,30904333.0,,,30840315.0,30840315.0,,,,,,,,,,,,64018.0,,,,,,,,64018.0,,,,,,,,,,,,,,,,,,,,,,,,,,,,,,,,,,,,,,,,,,,,,,,,,,,,,,,,,,,,,,,,,,,,,,,,,,,,,,,,,,,,,,,,,,,,,,,,,,,,,,,,,,,,,,,,,,,,,,,,,,,,,,,,,,,,,,,,,,,,,,,,,,,,,,,,,,,,,,,,,,,,,,,,,,,,,,,,,,,,,,,,,,,,,,,,,,,,,,,,,,,,,,,,,,,,,,,,,,,,,,,,,,,,,,,,,,,,,,,,,,,,,,,,,,,,,,,,,,,,,,,,,,,,,,,,,,,,,,,,,,,,,,,,,,,30904333.0,30904333.0,,,,,30904333.0
Despesas Pagas,13,AM,Amazonas,18894.35,,,,,,,,,,,,,,,,,,,,,,,,,,,,,,,,,,,,,,,,,,,,,,,,,,,,,,,,,,,,,,,,,,,,,,,,18894.35,,,,,,,,,,,,,,,,,,,,,,,,,,,,,,,,,,,,,,,,,,,,,,,,,,,,18894.35,,,,,,1560.0,,,,,,,,,,,,,,,,,,,,,,,,,,,,,,,,,,,,17334.35,,,,,,,,,17334.35,,,,,,,,,,,,,,,,,,,,,,,,,,,,,,,,,,,,,,,,,,,,,,,,,,,,,,,,,,,,,,,,,,,,,,,,,,,,,,,,,,,,,,,,,,,,,,,,,,,,,,,,,,,,,,,,,,,,,,,,,,,,,,,,,,,,,,,,,,,,,,,,,,,,,,,,,18894.35,18894.35,,,,,18894.35
Despesas Pagas,29,BA,Bahia,78824801.96,,,,,,,,,,,,,,,,,,,,,,,,,,,,,,,,,,,,,,,,,,,,,,,,,,,,,,,,,,,,,,,,,,,,,,,,78824801.96,400000.0,,,,,,,,,,68805832.0,,,,,,,,,,,,,,,68805832.0,57002332.0,11803500.0,,,,,997835.7,,,,,,,,,997835.7,,,,,,,,,,8621134.26,,,,,,5335.0,,,,,52114.47,,,,,,,,,,,,,,,,,,52114.47,,,10850.21,,,,,,,,,,8027439.85,,,,,,,,,8027439.85,,,,,,,,,,,,525394.73,,,,,,,,,,,,,,,,,,,,,,,,,,,,,,,,,,,8083130.91,8083130.91,,,,,,,,3587530.0,,,,,,,,,,,,4495600.91,,,,,,,,,,,,,,,,,,,,,,,4495600.91,,4495600.91,,,,,,,,,,,,,,,,,,,,,,,,,,,,,,,,,,,,,,,,,,,,,,,,,,,,,,,,,,,,86907932.87,86907932.87,,,,,86907932.87
Despesas Pagas,23,CE,Ceará,97549391.39,,,,,,,,,,,,,,,,,,,,,,,,,,,,,,,,,,,,,,,,,,,,,,,,,,,,,,,,,,,,,,,,,,,,,,,,97549391.39,,,,,,,,,,,49384949.38,,,,3384949.38,,,,,,,,,,,46000000.0,46000000.0,,,,,,,,,,,,,,,,,,,,,,,,,47854645.43,,,,,,,,,,,,,,,,,,,,,,,,,,,,,,,,,,,,1180654.97,,,1180654.97,,,45904658.05,,,,,,,,,45904658.05,,,,,,,,,,,15105.32,754041.74,185.35,,,,309796.58,,,,,,,,,254761.99,,254761.99,,,55034.59,,,,,,,,,,,,,,,,4452165.67,4452165.67,,,,,,,4452165.67,,,,,,,,,,,,,,,,,,,,,,,,,,,,,,,,,,,,,,,,,,,,,,,,,,,,,,,,,,,,,,,,,,,,,,,,,,,,,,,,,,,,,,,,,,,,,,,,,,102001557.06,102001557.06,48164256.66,,48164256.66,,53837300.4
Despesas Pagas,53,DF,Distrito Federal,,,,,,,,,,,,,,,,,,,,,,,,,,,,,,,,,,,,,,,,,,,,,,,,,,,,,,,,,,,,,,,,,,,,,,,,,,,,,,,,,,,,,,,,,,,,,,,,,,,,,,,,,,,,,,,,,,,,,,,,,,,,,,,,,,,,,,,,,,,,,,,,,,,,,,,,,,,,,,,,,,,,,,,,,,,,,,,,,,,,,,,,,,,,,,,,,,,,,,,,,,,,,,,,,,,,,,,,,,,,,,,928372.58,928372.58,,,,,,,,,,,,,,,,,,,,928372.58,,,,,,,,,,,,,,,,,,,,,,928372.58,,,,,,,,,,,,,,,,,,,,,,,,,,,,,,,,,,,,,,,,,,,,,,,,,,,,,,,,,,,,,,,928372.58,928372.58,,,,,928372.58
Despesas Pagas,32,ES,Espírito Santo,,,,,,,,,,,,,,,,,,,,,,,,,,,,,,,,,,,,,,,,,,,,,,,,,,,,,,,,,,,,,,,,,,,,,,,,,,,,,,,,,,,,,,,,,,,,,,,,,,,,,,,,,,,,,,,,,,,,,,,,,,,,,,,,,,,,,,,,,,,,,,,,,,,,,,,,,,,,,,,,,,,,,,,,,,,,,,,,,,,,,,,,,,,,,,,,,,,,,,,,,,,,,,,,,,,,,,,,,,,,,,,,,,,,,,,,,,,,,,,,,,,,,,,,,,,,,,,,,,,,,,,,,,,,,,,,,,,,,,,,,,,,,,,,,,,,,,,,,,,,,,,,,,,,,,,,,,,,,,,,,,,,,,,,,,,,,,,
Despesas Pagas,52,GO,Goiás,7079881.05,,,,,,,,,,,,,,,,,,,,,,,,,,,,,,,,,,,,,,,,,,,,,,,,,,,,,,,,,,,,,,,,,,,,,,,,7079881.05,,,,,,,,,,,7077660.0,,,,,,,,,,,,,,,7077660.0,7077660.0,,,,,,,,,,,,,,,,,,,,,,,,,2221.05,,,,,,,,,,,,,,,,,,,,,,,,,,,,,,,,,,,,,,,,,,2221.05,,,,,,,,,2221.05,,,,,,,,,,,,,,,,,,,,,,,,,,,,,,,,,,,,,,,,,,,,,,,,,,,,,,,,,,,,,,,,,,,,,,,,,,,,,,,,,,,,,,,,,,,,,,,,,,,,,,,,,,,,,,,,,,,,,,,,,,,,,,,,,,,,,,,,,,,,,,,,,,,,,,,,,7079881.05,7079881.05,,,,,7079881.05
Despesas Pagas,21,MA,Maranhão,23851112.55,,,,,,,,,,,,,,,,,,,,,,,,,,,,,,,,,,,,,,,,,,,,,,,,,,,,,,,,,,,,,,,,,,,,,,,,23851112.55,,,,,,,,,,,,,,,,,,,,,,,,,,,,,,,,,,,,,,,,,,,,,,,,,,,,23851112.55,,,,,,293439.5,,,,,,,,,,,,,,,,,,,,,,,,,,,,,,,,,,,,21190174.02,,,,,,,,,21190174.02,,,,,,,,,,,,336862.0,2030637.03,,,,,,,,,,,,,,,,,,,,,,,,,,,,,,,,,,,,,,,,,,,,,,,,,,,,,,,,,,,,,,,,,,,,,,,,,,,,,,,,,,,,,,,,,,,,,,,,,,,,,,,,,,,,,,,,,,,,,,,,,,,,,,,,,,,,,,,,,,,,23851112.55,23851112.55,1814652.69,,,1814652.69,22036459.86
Despesas Pagas,51,MT,Mato Grosso,24368593.52,,,,,,,,,,,,,,,,,,,,,,,,,,,,,,,,,,,,,,,,,,,,,,,,,,,,,,,,,,,,,,,,,,,,,,,,24368593.52,,,,,,,,,,,24280564.0,,,,,,,,,,,,,,,24280564.0,24280564.0,,,,,,,,,,,,,,,,,,,,,,,,,88029.52,,,,,,74130.0,,,,,4000.0,,,,,,,,,,,,,,,,,,4000.0,,,5269.52,,,,,,,,,,4000.0,,,,,,,,,4000.0,,,,,,,,,,,,630.0,,,,,,,,,,,,,,,,,,,,,,,,,,,,,,,,,,,,,,,,,,,,,,,,,,,,,,,,,,,,,,,,,,,,,,,,,,,,,,,,,,,,,,,,,,,,,,,,,,,,,,,,,,,,,,,,,,,,,,,,,,,,,,,,,,,,,,,,,,,,,24368593.52,24368593.52,,,,,24368593.52
Despesas Pagas,50,MS,Mato Grosso do Sul,70433529.75,,,,,,,,,,,,,,,,,,,,,,,,,,,,,,,,,,,,,,,,,,,,,,,,,,,,,,,,,,,,,,,,,,,,,,,,70433529.75,,,,,,,,,,,42710863.51,,,,,,,,,,,,,,,42710863.51,42710863.51,,,,,,1013387.34,,,,,,,,1013387.34,,,,,,,,,,,26709278.9,,,,,,19984.11,,,,,37099.65,,,,,,,,,,,,,,37099.65,,37099.65,,,,26603469.76,12789.13,,,,18210.48,,,18210.48,,,,,,,,,,,,,,,,,,,,,,,,,5009.1,,,12716.67,,,,,,,,,,,,,,,,,,,,,,,,,,,,,,,926332.89,926332.89,,,,,,,,,,,,926332.89,,,,,,,,,,,,,,,,,,,,,,,,,,,,,,,,,,,,,,,,,,,,,,,,,,,,,,,,,,,,,,,,,,,,,,,,,,,,,,,,,,,,,,,,,,,,,71359862.64,71359862.64,,,,,71359862.64
Despesas Pagas,31,MG,Minas Gerais,3232835.51,,,,,,,,,,,,,,,,,,,,,,,,,,,,,,,,,,,,,,,,,,,,,,,,,,,,,,,,,,,,,,,,,,,,,,,,3232835.51,,,,,,,,,,,2887124.83,,,,,,,,,,,,,,,2887124.83,2887124.83,,,,,,,,,,,,,,,,,,,,,,,,,345710.68,,,,,,325852.02,,,,,219.8,,,,,,,,,,,,,,,,,,219.8,,,8700.72,,,,10938.14,,,10938.14,,,,,,,,,,,,,,,,,,,,,,,,,,,,,,,,,,,,,,,,,,,,,,,,,,,,,,,,,,,,,,,,,,,,,,,,,,,,,,,,,,,,,,,,,,,,,,,,,,,,,,,,,,,,,,,,,,,,,,,,,,,,,,,,,,,,,,,,,,,,,,,,,,,,,,,,,,,,,,,,,,,,,3232835.51,3232835.51,,,,,3232835.51
Despesas Pagas,15,PA,Pará,38389283.08,,,,,,,,,,,,,,,,,,,,,,,,,,,,,,,,,,,,,,,,,,,,,,,,,,,,,,,,,,,,,,,,,,,,,,,,38389283.08,,,,,,,,,,,37110222.41,,,,,,,,,,,,,,,37110222.41,,,37110222.41,,,,,,,,,,,,,,,,,,,,,,,1279060.67,,,,,,462650.0,,,,,401758.04,28.66,79680.0,79680.0,,,,25662.65,4336.91,,11965.0,25846.0,510.0,,100322.9,,100322.9,,153405.92,,,97348.94,,,,15842.5,,,15842.5,,,292084.05,36638.0,,258.0,,,,,,255188.05,,,5523.62,,,,,,,,,3853.52,,,,,,,,,,,,,,,,,,,,,,,,,,,,,,,,,,,,,,,,,,,,,,,,,,,,,,,,,,,,,,,,,,,,,,,,,,,,,,,,,,,,,,,,,,,,,,,,,,,,,,,,,,,,,,,,,,,,,,,,,,,,,,,,,,,,,,,,,,,,,38389283.08,38389283.08,,,,,38389283.08
Despesas Pagas,25,PB,Paraíba,182467.29,,,,,,,,,,,,,,,,,,,,,,,,,,,,,,,,,,,,,,,,,,,,,,,,,,,,,,,,,,,,,,,,,,,,,,,,182467.29,,,,,,,,,,,,,,,,,,,,,,,,,,,,,,,,,,,,,,,,,,,,,,,,,,,,182467.29,,,,,,,,,,,,,,,,,,,,,,,,,,,,,,,,,,,,,,,,,,,,,,,,,,,,,,,,,,,,,,,,182467.29,,,,,,,,,,,,,,,,,,,,,,,,,,,,,,,,,,,,,,,,,,,,,,,,,,,,,,,,,,,,,,,,,,,,,,,,,,,,,,,,,,,,,,,,,,,,,,,,,,,,,,,,,,,,,,,,,,,,,,,,,,,,,,,,,,,,,,,,,,,,182467.29,182467.29,,,,,182467.29
Despesas Pagas,41,PR,Paraná,137791475.57,31262281.11,,,,,,,,,,,,31262281.11,,,4271809.77,,4271809.77,,,16793622.76,,16793622.76,10138006.83,,,7505.0,,46660.94,,,,,,,,,,,,,,46660.94,4675.81,,,,,,,4675.81,,,,,,,,,,,,,,,,,,,,,106529194.46,,,,,,,,,,,70656367.82,,,,55147.29,,,,,,,,,,,70601220.53,70601220.53,,,,,,2292500.0,,,,,,,,2292500.0,,,,,,,,,,,33580326.64,,,,,,,25000.0,,,,1014126.43,,,,,,,,,,,,,,,,,,1014126.43,,,137500.0,,,,26270.0,,,26270.0,,,32173258.47,,,,,23670565.65,,,23670565.65,8502692.82,,200890.11,,,,,,302.68,,,,2538.0,440.95,,,,,,,,,,,,,,,,,,,,,,,,,,,,,,,,,,92350853.93,92350853.93,,,,,,,3166861.27,85835438.21,,,,,,,,,,,,3348554.45,,,,,,,,,,,,,,,,,,,,,,3348554.45,,,,,,,,,,,,,,,,,,,,,,,,,,,,,,,,,,,,,,,,,,,,,,,,,,,,,,,,,,,,,,,230142329.5,230142329.5,,,,,230142329.5
Despesas Pagas,26,PE,Pernambuco,2856699.15,,,,,,,,,,,,,,,,,,,,,,,,,,,,,,,,,,,,,,,,,,,,,,,,,,,,,,,,,,,,,,,,,,,,,,,,2856699.15,,,,,,,,,,,2724087.45,,,,,,,,,,,,,,,2724087.45,,1948301.02,775786.43,,,,,,,,,,,,,,,,,,,,,,,132611.7,,,,,,36411.03,,,,,,,,,,,,,,,,,,,,,,,,,,5422.99,,,,,,,,,,,,,,,,,,,,,,,,,,,,,,,73167.68,,,,17610.0,,,,,,,,,,,,,,,,,,,,,,,,,,,,,,,,,,,,,,,,,,,,,,,,,,,,,,,,,,,,,,,,,,,,,,,,,,,,,,,,,,,,,,,,,,,,,,,,,,,,,,,,,,,,,,,,,,,,,,,,,,,,,,,,,,,,,,,,,2856699.15,2856699.15,,,,,2856699.15
Despesas Pagas,22,PI,Piauí,45651337.15,,,,,,,,,,,,,,,,,,,,,,,,,,,,,,,,,,,,,,,,,,,,,,,,,,,,,,,,,,,,,,,,,,,,,,,,45651337.15,,,,,,,,,,,32172637.51,,,,15181930.23,,,,,,,,,,,16990707.28,16990707.28,,,,,,13016363.72,,,,,,,,13016363.72,,,,,,,,,,,462335.92,,,,,,,,,,,,,,,,,,,,,,,,,,,,,,,,,,,,,,,,,,,,,,,,,,,,,,,,,,,,,,,,462335.92,,,,,,,,,,,,,,,,,,,,,,,,,,,,,,,,,,,,,,,,,,,,,,,,,,,,,,,,,,,,,,,,,,,,,,,,,,,,,,,,,,,,,,,,,,,,,,,,,,,,,,,,,,,,,,,,,,,,,,,,,,,,,,,,,,,,,,,,,,,,45651337.15,45651337.15,,,,,45651337.15
Despesas Pagas,33,RJ,Rio de Janeiro,6888.0,,,,,,,,,,,,,,,,,,,,,,,,,,,,,,,,,,,,,,,,,,,,,,,,,,,,,,,,,,,,,,,,,,,,,,,,6888.0,,,,,,,,,,,,,,,,,,,,,,,,,,,,,,,,,,,,,,,,,,,,,,,,,,,,6888.0,,,,,,2488.0,,,,,,,,,,,,,,,,,,,,,,,,,,,,,,,,,,,,,,,,,,,,,,,,,,,,,,,,,4400.0,,,,,,,,,,,,,,,,,,,,,,,,,,,,,,,,,,,,,,,,,,,,,,,,,,,,,,,,,,,,,,,,,,,,,,,,,,,,,,,,,,,,,,,,,,,,,,,,,,,,,,,,,,,,,,,,,,,,,,,,,,,,,,,,,,,,,,,,,,,,,6888.0,6888.0,,,,,6888.0
Despesas Pagas,24,RN,Rio Grande do Norte,10620.0,,,,,,,,,,,,,,,,,,,,,,,,,,,,,,,,,,,,,,,,,,,,,,,,,,,,,,,,,,,,,,,,,,,,,,,,10620.0,,,,,,,,,,,,,,,,,,,,,,,,,,,,,,,,,,,,,,,,,,,,,,,,,,,,10620.0,,,,,,,,,,,,,,,,,,,,,,,,,,,,,,,,,,,,,,,,,,6140.0,,,,,,,,,6140.0,,,,,,,,,,,,4480.0,,,,,,,,,,,,,,,,,,,,,,,,,,,,,,,,,,,,,,,,,,,,,,,,,,,,,,,,,,,,,,,,,,,,,,,,,,,,,,,,,,,,,,,,,,,,,,,,,,,,,,,,,,,,,,,,,,,,,,,,,,,,,,,,,,,,,,,,,,,,,10620.0,10620.0,,,,,10620.0
Despesas Pagas,43,RS,Rio Grande do Sul,162569665.05,,,,,,,,,,,,,,,,,,,,,,,,,,,,,,,,,,,,,,,,,,,,,,,,,,,,,,,,,,,,,,,,,,,,,,,,162569665.05,,,,,,,,,,,,,,,,,,,,,,,,,,,,,,,,,,,,,,,,,,,,,,,,,,,,,,,,,,,,,,,,,,,,,,,,,,,,,,,,,,,,,,,,,,,,,,,,,,,,,,,,,,,,,,,,,,,,,,,,,,,,,,,,,,,,,,,,,,,,,,,,,,,,,162569665.05,2296392.71,2296392.71,,,,,,,,,,,,,,,,,,,,2296392.71,,,,,,,,,,,,,,,,,,,,,,,,,,,,,,2296392.71,,,,,,,,,,,,,,,,,,,,,,,,,,,,,,,,,,,,,,,,,,,,,,,,,,,,,,,164866057.76,164866057.76,,,,,164866057.76
Despesas Pagas,11,RO,Rondônia,27257453.11,,,,,,,,,,,,,,,,,,,,,,,,,,,,,,,,,,,,,,,,,,,,,,,,,,,,,,,,,,,,,,,,,,,,,,,,27257453.11,,,,,,,,,,,3168284.0,,,,3168284.0,,,,,,,,,,,,,,,,,,18700000.0,,,,,,,,18700000.0,,,,,,,,,,,5389169.11,,,,,,160000.0,,,,,477728.86,,,,,,,,,,,,,,,,,,477728.86,,,,,,,,,,,,,1524106.04,,,,,,,,,1524106.04,,,,,,,,,,,3227334.21,,,,,,,,,,,,,,,,,,,,,,,,,,,,,,,,,,,,5720616.0,5720616.0,,,,,,,4300716.0,,,,,1419900.0,,,,,,,,,,,,,,,,,,,,,,,,,,,,,,,,,,,,,,,,,,,,,,,,,,,,,,,,,,,,,,,,,,,,,,,,,,,,,,,,,,,,,,,,,,,,,32978069.11,32978069.11,,,,,32978069.11
Despesas Pagas,14,RR,Roraima,300.0,,,,,,,,,,,,,,,,,,,,,,,,,,,,,,,,,,,,,,,,,,,,,,,,,,,,,,,,,,,,,,,,,,,,,,,,300.0,,,,,,,,,,,,,,,,,,,,,,,,,,,,,,,,,,,,,,,,,,,,,,,,,,,,300.0,,,,,,300.0,,,,,,,,,,,,,,,,,,,,,,,,,,,,,,,,,,,,,,,,,,,,,,,,,,,,,,,,,,,,,,,,,,,,,,,,,,,,,,,,,,,,,,,,,,,,,,,,,,,,,,,,,,,,,,,,,,,,,,,,,,,,,,,,,,,,,,,,,,,,,,,,,,,,,,,,,,,,,,,,,,,,,,,,,,,,,,,,,,,,,,,,,,,,,,,,,,,,,,300.0,300.0,,,,,300.0
Despesas Pagas,42,SC,Santa Catarina,74710945.19,,,,,,,,,,,,,,,,,,,,,,,,,,,,,,,,,,,,,,,,,,,,,,,,,,,,,,,,,,,,,,,,,,,,,,,,74710945.19,,,,,,,,,,,74650445.19,,,,249685.05,,,,,,,,,,,74400760.14,74400760.14,,,,,,,,,,,,,,,,,,,,,,,,,60500.0,,,,,,,,,,,,,,,,,,,,,,,,,,,,,,,,,,,,,,,,,,60500.0,,,,,60500.0,,,60500.0,,,,,,,,,,,,,,,,,,,,,,,,,,,,,,,,,,,,,,,,,,,,,,,,5756659.15,5756659.15,,,,,,,5756659.15,,,,,,,,,,,,,,,,,,,,,,,,,,,,,,,,,,,,,,,,,,,,,,,,,,,,,,,,,,,,,,,,,,,,,,,,,,,,,,,,,,,,,,,,,,,,,,,,,,80467604.34,80467604.34,,,,,80467604.34
Despesas Pagas,35,SP,São Paulo,142060013.85,102262667.38,,,,,,,,,,,,71711782.82,,,,,,,,70799960.95,70799960.95,,,,911821.87,,,,,,,,,,,,,,,,,,,,,,,,,,,,30550884.56,,30484044.2,,,,66840.36,,,,,,,,,,,,39797346.47,,,,,,,,,,,19938508.0,,,,,,,,,,,,,,,19938508.0,,,19938508.0,,,,,,,,,,,,,,,,,,,,,,,,,,,,,,,,,,,,,,,,,,,,,,,,,,,,,,,,,,,,,,,,,,,,,,,,,,,,,,,,,,,,,,,,,,,19858838.47,,1000456.26,,,,,1000456.26,,,,,1293203.45,,,,,,17565178.76,,,,,,,,,,,,,,,,,,,,,,,,,,,,,,,,,,,,,,,,,,,,,,,,,,,,,,,,,,,,,,,,,,,,,,,,,,,,,,,,,,,,,,,,,,,,,,,,,,,,,,,,,,,,,,,,,,,,,,142060013.85,142060013.85,,,,,142060013.85
Despesas Pagas,28,SE,Sergipe,,,,,,,,,,,,,,,,,,,,,,,,,,,,,,,,,,,,,,,,,,,,,,,,,,,,,,,,,,,,,,,,,,,,,,,,,,,,,,,,,,,,,,,,,,,,,,,,,,,,,,,,,,,,,,,,,,,,,,,,,,,,,,,,,,,,,,,,,,,,,,,,,,,,,,,,,,,,,,,,,,,,,,,,,,,,,,,,,,,,,,,,,,,,,,,,,,,,,,,,,,,,,,,,,,,,,,,,,,,,,,,,,,,,,,,,,,,,,,,,,,,,,,,,,,,,,,,,,,,,,,,,,,,,,,,,,,,,,,,,,,,,,,,,,,,,,,,,,,,,,,,,,,,,,,,,,,,,,,,,,,,,,,,,,,,,,,,
Despesas Pagas,17,TO,Tocantins,18134076.73,18105153.74,,,,,,,,,,,,17957358.25,,,231353.59,212760.67,18592.92,,,17586691.18,16001867.04,1584824.14,,64255.36,,,,50445.18,,,174.76,,,50270.42,,,,,,,,,24612.94,24612.94,,,,,,,,,147795.49,,147795.49,,,,,,,,,,,,,,,,28922.99,,,,,,,,,,,,,,,,,,,,,,,,,,,,,,,,,,,,,,,,,,,,,,,,,,,,28922.99,,,,,,7737.75,,,,,,,,,,,,,,,,,,,,,,,,,,,,,,,,,,,,,,,,,,,,,,,,,,,,,,,,,11402.81,9782.43,,,,,,,,,,,,,,,,,,,,,,,,,,,,,,,,,,,,,,,,,,,,,,,,,,,,,,,,,,,,,,,,,,,,,,,,,,,,,,,,,,,,,,,,,,,,,,,,,,,,,,,,,,,,,,,,,,,,,,,,,,,,,,,,,,,,,,,,,,,,18134076.73,18134076.73,,,,,18134076.73
Inscritas em Restos a Pagar não Processados,12,AC,Acre,270986.68,,,,,,,,,,,,,,,,,,,,,,,,,,,,,,,,,,,,,,,,,,,,,,,,,,,,,,,,,,,,,,,,,,,,,,,,270986.68,,,,,,,,,,,,,,,,,,,,,,,,,,,,,,,,,,,,,,,,,,,,,,,,,,,,270986.68,,,,,,,,,,,,,,,,,,,,,,,,,,,,,,,270986.68,,,,,,,,,,,,,,,,,,,,,,,,,,,,,,,,,,,,,,,,,,,,,,,,,,,,,,,,,,,,,,,,,,,,,,,,,,,,,,,,,,,,,,,,,,,,,,,,,,,,,,,,,,,,,,,,,,,,,,,,,,,,,,,,,,,,,,,,,,,,,,,,,,,,,,,,,,,,,,,,,,,,,,,,,,,,,270986.68,270986.68,,,,,270986.68
Inscritas em Restos a Pagar não Processados,27,AL,Alagoas,6756.72,,,,,,,,,,,,,,,,,,,,,,,,,,,,,,,,,,,,,,,,,,,,,,,,,,,,,,,,,,,,,,,,,,,,,,,,6756.72,,,,,,,,,,,,,,,,,,,,,,,,,,,,,,,,,,,,,,,,,,,,,,,,,,,,6756.72,,,,,,,,,,,,,,,,,,,,,,,,,,,,,,,,4456.72,,,,,,,,,,2300.0,,,,,,,,,2300.0,,,,,,,,,,,,,,,,,,,,,,,,,,,,,,,,,,,,,,,,,,,,,,,,,,,,,,,,,,,,,,,,,,,,,,,,,,,,,,,,,,,,,,,,,,,,,,,,,,,,,,,,,,,,,,,,,,,,,,,,,,,,,,,,,,,,,,,,,,,,,,,,,,,,,,,,,6756.72,6756.72,,,,,6756.72
Inscritas em Restos a Pagar não Processados,16,AP,Amapá ,64145.0,64145.0,,,,,,,,,,,,64145.0,,,1000.0,1000.0,,,,,,,,,,,,63145.0,,,,,,,,63145.0,,,,,,,,,,,,,,,,,,,,,,,,,,,,,,,,,,,,,,,,,,,,,,,,,,,,,,,,,,,,,,,,,,,,,,,,,,,,,,,,,,,,,,,,,,,,,,,,,,,,,,,,,,,,,,,,,,,,,,,,,,,,,,,,,,,,,,,,,,,,,,,,,,,,,,,,,,,,,,,,,,,,,,,,,,,,,,,,,,,,,,,,,,,,,,,,,,,,,,,,,,,,,,,,,,,,,,,,,,,,,,,,,,,,,,,,,,,,,,,,,,,,,,,,,,,,,,,,,,,,,,,,,,,,,,,,,,,,,,,,,,,,,,,,,,,64145.0,64145.0,,,,,64145.0
Inscritas em Restos a Pagar não Processados,13,AM,Amazonas,,,,,,,,,,,,,,,,,,,,,,,,,,,,,,,,,,,,,,,,,,,,,,,,,,,,,,,,,,,,,,,,,,,,,,,,,,,,,,,,,,,,,,,,,,,,,,,,,,,,,,,,,,,,,,,,,,,,,,,,,,,,,,,,,,,,,,,,,,,,,,,,,,,,,,,,,,,,,,,,,,,,,,,,,,,,,,,,,,,,,,,,,,,,,,,,,,,,,,,,,,,,,,,,,,,,,,,,,,,,,,,,,,,,,,,,,,,,,,,,,,,,,,,,,,,,,,,,,,,,,,,,,,,,,,,,,,,,,,,,,,,,,,,,,,,,,,,,,,,,,,,,,,,,,,,,,,,,,,,,,,,,,,,,,,,,,,,
Inscritas em Restos a Pagar não Processados,29,BA,Bahia,,,,,,,,,,,,,,,,,,,,,,,,,,,,,,,,,,,,,,,,,,,,,,,,,,,,,,,,,,,,,,,,,,,,,,,,,,,,,,,,,,,,,,,,,,,,,,,,,,,,,,,,,,,,,,,,,,,,,,,,,,,,,,,,,,,,,,,,,,,,,,,,,,,,,,,,,,,,,,,,,,,,,,,,,,,,,,,,,,,,,,,,,,,,,,,,,,,,,,,,,,,,,,,,,,,,,,,,,,,,,,,,,,,,,,,,,,,,,,,,,,,,,,,,,,,,,,,,,,,,,,,,,,,,,,,,,,,,,,,,,,,,,,,,,,,,,,,,,,,,,,,,,,,,,,,,,,,,,,,,,,,,,,,,,,,,,,,
Inscritas em Restos a Pagar não Processados,23,CE,Ceará,9450418.6,,,,,,,,,,,,,,,,,,,,,,,,,,,,,,,,,,,,,,,,,,,,,,,,,,,,,,,,,,,,,,,,,,,,,,,,9450418.6,,,,,,,,,,,150000.0,,,,150000.0,,,,,,,,,,,,,,,,,,,,,,,,,,,,,,,,,,,,,9243790.58,,,,,,,,,,,,,,,,,,,,,,,,,,,,,,,,,,,,152429.84,,,152429.84,,,8944236.76,,,,,,,,,8944236.76,,,,,,,,,,,115596.24,31527.74,,,,,56628.02,,,,,,,,,56628.02,,56628.02,,,,,,,,,,,,,,,,,,,185293.83,185293.83,,,,,,,185293.83,,,,,,,,,,,,,,,,,,,,,,,,,,,,,,,,,,,,,,,,,,,,,,,,,,,,,,,,,,,,,,,,,,,,,,,,,,,,,,,,,,,,,,,,,,,,,,,,,,9635712.43,9635712.43,9300418.6,,9300418.6,,335293.83
Inscritas em Restos a Pagar não Processados,53,DF,Distrito Federal,,,,,,,,,,,,,,,,,,,,,,,,,,,,,,,,,,,,,,,,,,,,,,,,,,,,,,,,,,,,,,,,,,,,,,,,,,,,,,,,,,,,,,,,,,,,,,,,,,,,,,,,,,,,,,,,,,,,,,,,,,,,,,,,,,,,,,,,,,,,,,,,,,,,,,,,,,,,,,,,,,,,,,,,,,,,,,,,,,,,,,,,,,,,,,,,,,,,,,,,,,,,,,,,,,,,,,,,,,,,,,,456495.71,456495.71,,,,,,,,,,,,,,,,,,,,456495.71,,,,,,,,,,,,,,,,,,,,,,456495.71,,,,,,,,,,,,,,,,,,,,,,,,,,,,,,,,,,,,,,,,,,,,,,,,,,,,,,,,,,,,,,,456495.71,456495.71,,,,,456495.71
Inscritas em Restos a Pagar não Processados,32,ES,Espírito Santo,,,,,,,,,,,,,,,,,,,,,,,,,,,,,,,,,,,,,,,,,,,,,,,,,,,,,,,,,,,,,,,,,,,,,,,,,,,,,,,,,,,,,,,,,,,,,,,,,,,,,,,,,,,,,,,,,,,,,,,,,,,,,,,,,,,,,,,,,,,,,,,,,,,,,,,,,,,,,,,,,,,,,,,,,,,,,,,,,,,,,,,,,,,,,,,,,,,,,,,,,,,,,,,,,,,,,,,,,,,,,,,,,,,,,,,,,,,,,,,,,,,,,,,,,,,,,,,,,,,,,,,,,,,,,,,,,,,,,,,,,,,,,,,,,,,,,,,,,,,,,,,,,,,,,,,,,,,,,,,,,,,,,,,,,,,,,,,
Inscritas em Restos a Pagar não Processados,52,GO,Goiás,463719.13,,,,,,,,,,,,,,,,,,,,,,,,,,,,,,,,,,,,,,,,,,,,,,,,,,,,,,,,,,,,,,,,,,,,,,,,463719.13,,99471.54,99471.54,,99471.54,,,,,,,,,,,,,,,,,,,,,,,,,,,,,,,,,,,,,,,,,,,,,,,364247.59,,,,,,,,,,,,,,,,,,,,,,,,,,,,,,,,,,,,,,,,,,364247.59,,,,,,,,,364247.59,,,,,,,,,,,,,,,,,,,,,,,,,,,,,,,,,,,,,,,,,,,,,,,431868.0,431868.0,,,,,,,,,,,,,,,,,,,,431868.0,,,,,,,,,,,,,,,,,,,,,,,431868.0,,431868.0,,,,,,,,,,,,,,,,,,,,,,,,,,,,,,,,,,,,,,,,,,,,,,,,,,,,,,,,,,,,895587.13,895587.13,,,,,895587.13
Inscritas em Restos a Pagar não Processados,21,MA,Maranhão,,,,,,,,,,,,,,,,,,,,,,,,,,,,,,,,,,,,,,,,,,,,,,,,,,,,,,,,,,,,,,,,,,,,,,,,,,,,,,,,,,,,,,,,,,,,,,,,,,,,,,,,,,,,,,,,,,,,,,,,,,,,,,,,,,,,,,,,,,,,,,,,,,,,,,,,,,,,,,,,,,,,,,,,,,,,,,,,,,,,,,,,,,,,,,,,,,,,,,,,,,,,,,,,,,,,,,,,,,,,,,,,,,,,,,,,,,,,,,,,,,,,,,,,,,,,,,,,,,,,,,,,,,,,,,,,,,,,,,,,,,,,,,,,,,,,,,,,,,,,,,,,,,,,,,,,,,,,,,,,,,,,,,,,,,,,,,,
Inscritas em Restos a Pagar não Processados,51,MT,Mato Grosso,14196.48,,,,,,,,,,,,,,,,,,,,,,,,,,,,,,,,,,,,,,,,,,,,,,,,,,,,,,,,,,,,,,,,,,,,,,,,14196.48,,,,,,,,,,,,,,,,,,,,,,,,,,,,,,,,,,,,,,,,,,,,,,,,,,,,14196.48,,,,,,,,,,,,,,,,,,,,,,,,,,,,,,,,14196.48,,,,,,,,,,,,,,,,,,,,,,,,,,,,,,,,,,,,,,,,,,,,,,,,,,,,,,,,,,,,,,,,,,,,,,,,,,,,,,,,,,,,,,,,,,,,,,,,,,,,,,,,,,,,,,,,,,,,,,,,,,,,,,,,,,,,,,,,,,,,,,,,,,,,,,,,,,,,,,,,,,,,,,,,,,,,14196.48,14196.48,,,,,14196.48
Inscritas em Restos a Pagar não Processados,50,MS,Mato Grosso do Sul,13103032.68,,,,,,,,,,,,,,,,,,,,,,,,,,,,,,,,,,,,,,,,,,,,,,,,,,,,,,,,,,,,,,,,,,,,,,,,13103032.68,,,,,,,,,,,12998280.43,,,,,,,,,,,,,,,12998280.43,12998280.43,,,,,,100388.25,,,,,,,,100388.25,,,,,,,,,,,4364.0,,,,,,,,,,,,,,,,,,,,,,,,,,,,,,,,,,,,864.0,,,864.0,,,,,,,,,,,,,,,,,,,,,,,,,,,,3500.0,,,,,,,,,,,,,,,,,,,,,,,,,,,,,,,297600.0,297600.0,,,,,,,,,,,,297600.0,,,,,,,,,,,,,,,,,,,,,,,,,,,,,,,,,,,,,,,,,,,,,,,,,,,,,,,,,,,,,,,,,,,,,,,,,,,,,,,,,,,,,,,,,,,,,13400632.68,13400632.68,,,,,13400632.68
Inscritas em Restos a Pagar não Processados,31,MG,Minas Gerais,165868732.32,,,,,,,,,,,,,,,,,,,,,,,,,,,,,,,,,,,,,,,,,,,,,,,,,,,,,,,,,,,,,,,,,,,,,,,,165868732.32,,,,,,,,,,,165853447.13,,,,,,,,,,,,,,,165853447.13,165853447.13,,,,,,,,,,,,,,,,,,,,,,,,,15285.19,,,,,,,,,,,,,,,,,,,,,,,,,,,,,,,,,,,,,,,,,,15285.19,,,,,,,,,15285.19,,,,,,,,,,,,,,,,,,,,,,,,,,,,,,,,,,,,,,,,,,,,,,,,,,,,,,,,,,,,,,,,,,,,,,,,,,,,,,,,,,,,,,,,,,,,,,,,,,,,,,,,,,,,,,,,,,,,,,,,,,,,,,,,,,,,,,,,,,,,,,,,,,,,,,,,,165868732.32,165868732.32,,,,,165868732.32
Inscritas em Restos a Pagar não Processados,15,PA,Pará,,,,,,,,,,,,,,,,,,,,,,,,,,,,,,,,,,,,,,,,,,,,,,,,,,,,,,,,,,,,,,,,,,,,,,,,,,,,,,,,,,,,,,,,,,,,,,,,,,,,,,,,,,,,,,,,,,,,,,,,,,,,,,,,,,,,,,,,,,,,,,,,,,,,,,,,,,,,,,,,,,,,,,,,,,,,,,,,,,,,,,,,,,,,,,,,,,,,,,,,,,,,,,,,,,,,,,,,,,,,,,,,,,,,,,,,,,,,,,,,,,,,,,,,,,,,,,,,,,,,,,,,,,,,,,,,,,,,,,,,,,,,,,,,,,,,,,,,,,,,,,,,,,,,,,,,,,,,,,,,,,,,,,,,,,,,,,,
Inscritas em Restos a Pagar não Processados,25,PB,Paraíba,,,,,,,,,,,,,,,,,,,,,,,,,,,,,,,,,,,,,,,,,,,,,,,,,,,,,,,,,,,,,,,,,,,,,,,,,,,,,,,,,,,,,,,,,,,,,,,,,,,,,,,,,,,,,,,,,,,,,,,,,,,,,,,,,,,,,,,,,,,,,,,,,,,,,,,,,,,,,,,,,,,,,,,,,,,,,,,,,,,,,,,,,,,,,,,,,,,,,,,,,,,,,,,,,,,,,,,,,,,,,,,,,,,,,,,,,,,,,,,,,,,,,,,,,,,,,,,,,,,,,,,,,,,,,,,,,,,,,,,,,,,,,,,,,,,,,,,,,,,,,,,,,,,,,,,,,,,,,,,,,,,,,,,,,,,,,,,
Inscritas em Restos a Pagar não Processados,41,PR,Paraná,17329146.97,393615.3,,,,,,,,,,,,393615.3,,,393615.3,,393615.3,,,,,,,,,,,,,,,,,,,,,,,,,,,,,,,,,,,,,,,,,,,,,,,,,,,,,,16935531.67,,,,,,,,,,,12577797.26,,,,,,,,,,,,,,,12577797.26,12577797.26,,,,,,327500.0,,,,,,,,327500.0,,,,,,,,,,,4030234.41,,,,,,,,,,,1379671.39,,,,,,,,,,,,,,,,,,1379671.39,,,,,,,,,,,,,2646452.33,,,,,1154731.88,,,1154731.88,1491720.45,,4110.69,,,,,,,,,,,,,,,,,,,,,,,,,,,,,,,,,,,,,,,,,,,,,32261842.96,32261842.96,,,,,,,13411216.31,17122932.45,,,,,,,,,,,,1727694.2,,,,,,,,,,,,,,,,,,,,,,1727694.2,,,,,,,,,,,,,,,,,,,,,,,,,,,,,,,,,,,,,,,,,,,,,,,,,,,,,,,,,,,,,,,49590989.93,49590989.93,,,,,49590989.93
Inscritas em Restos a Pagar não Processados,26,PE,Pernambuco,,,,,,,,,,,,,,,,,,,,,,,,,,,,,,,,,,,,,,,,,,,,,,,,,,,,,,,,,,,,,,,,,,,,,,,,,,,,,,,,,,,,,,,,,,,,,,,,,,,,,,,,,,,,,,,,,,,,,,,,,,,,,,,,,,,,,,,,,,,,,,,,,,,,,,,,,,,,,,,,,,,,,,,,,,,,,,,,,,,,,,,,,,,,,,,,,,,,,,,,,,,,,,,,,,,,,,,,,,,,,,,,,,,,,,,,,,,,,,,,,,,,,,,,,,,,,,,,,,,,,,,,,,,,,,,,,,,,,,,,,,,,,,,,,,,,,,,,,,,,,,,,,,,,,,,,,,,,,,,,,,,,,,,,,,,,,,,
Inscritas em Restos a Pagar não Processados,22,PI,Piauí,60000.0,,,,,,,,,,,,,,,,,,,,,,,,,,,,,,,,,,,,,,,,,,,,,,,,,,,,,,,,,,,,,,,,,,,,,,,,60000.0,,,,,,,,,,,60000.0,,,,60000.0,,,,,,,,,,,,,,,,,,,,,,,,,,,,,,,,,,,,,,,,,,,,,,,,,,,,,,,,,,,,,,,,,,,,,,,,,,,,,,,,,,,,,,,,,,,,,,,,,,,,,,,,,,,,,,,,,,,,,,,,,,,,,,,,,,,,,,,,,,,,,,,,,,,,,,,,,,,,,,,,,,,,,,,,,,,,,,,,,,,,,,,,,,,,,,,,,,,,,,,,,,,,,,,,,,,,,,,,,,,,,,,,,,,,,,,,,,,,,,,,,60000.0,60000.0,,,,,60000.0
Inscritas em Restos a Pagar não Processados,33,RJ,Rio de Janeiro,,,,,,,,,,,,,,,,,,,,,,,,,,,,,,,,,,,,,,,,,,,,,,,,,,,,,,,,,,,,,,,,,,,,,,,,,,,,,,,,,,,,,,,,,,,,,,,,,,,,,,,,,,,,,,,,,,,,,,,,,,,,,,,,,,,,,,,,,,,,,,,,,,,,,,,,,,,,,,,,,,,,,,,,,,,,,,,,,,,,,,,,,,,,,,,,,,,,,,,,,,,,,,,,,,,,,,,,,,,,,,,,,,,,,,,,,,,,,,,,,,,,,,,,,,,,,,,,,,,,,,,,,,,,,,,,,,,,,,,,,,,,,,,,,,,,,,,,,,,,,,,,,,,,,,,,,,,,,,,,,,,,,,,,,,,,,,,
Inscritas em Restos a Pagar não Processados,24,RN,Rio Grande do Norte,,,,,,,,,,,,,,,,,,,,,,,,,,,,,,,,,,,,,,,,,,,,,,,,,,,,,,,,,,,,,,,,,,,,,,,,,,,,,,,,,,,,,,,,,,,,,,,,,,,,,,,,,,,,,,,,,,,,,,,,,,,,,,,,,,,,,,,,,,,,,,,,,,,,,,,,,,,,,,,,,,,,,,,,,,,,,,,,,,,,,,,,,,,,,,,,,,,,,,,,,,,,,,,,,,,,,,,,,,,,,,,,,,,,,,,,,,,,,,,,,,,,,,,,,,,,,,,,,,,,,,,,,,,,,,,,,,,,,,,,,,,,,,,,,,,,,,,,,,,,,,,,,,,,,,,,,,,,,,,,,,,,,,,,,,,,,,,
Inscritas em Restos a Pagar não Processados,43,RS,Rio Grande do Sul,,,,,,,,,,,,,,,,,,,,,,,,,,,,,,,,,,,,,,,,,,,,,,,,,,,,,,,,,,,,,,,,,,,,,,,,,,,,,,,,,,,,,,,,,,,,,,,,,,,,,,,,,,,,,,,,,,,,,,,,,,,,,,,,,,,,,,,,,,,,,,,,,,,,,,,,,,,,,,,,,,,,,,,,,,,,,,,,,,,,,,,,,,,,,,,,,,,,,,,,,,,,,,,,,,,,,,,,,,,,,,,,,,,,,,,,,,,,,,,,,,,,,,,,,,,,,,,,,,,,,,,,,,,,,,,,,,,,,,,,,,,,,,,,,,,,,,,,,,,,,,,,,,,,,,,,,,,,,,,,,,,,,,,,,,,,,,,
Inscritas em Restos a Pagar não Processados,11,RO,Rondônia,2635209.7,,,,,,,,,,,,,,,,,,,,,,,,,,,,,,,,,,,,,,,,,,,,,,,,,,,,,,,,,,,,,,,,,,,,,,,,2635209.7,,,,,,,,,,,1876000.0,,,,1876000.0,,,,,,,,,,,,,,,,,,448707.96,,,,,,,,448707.96,,,,,,,,,,,310501.74,,,,,,,,,,,,,,,,,,,,,,,,,,,,,,,,,,,,,,,,,,,,,,,,,,,,,,,,,,,,,,310501.74,,,,,,,,,,,,,,,,,,,,,,,,,,,,,,,,,,,,2479292.04,2479292.04,,,,,,,1628000.0,,,,,851292.04,,,,,,,,,,,,,,,,,,,,,,,,,,,,,,,,,,,,,,,,,,,,,,,,,,,,,,,,,,,,,,,,,,,,,,,,,,,,,,,,,,,,,,,,,,,,,5114501.74,5114501.74,,,,,5114501.74
Inscritas em Restos a Pagar não Processados,14,RR,Roraima,,,,,,,,,,,,,,,,,,,,,,,,,,,,,,,,,,,,,,,,,,,,,,,,,,,,,,,,,,,,,,,,,,,,,,,,,,,,,,,,,,,,,,,,,,,,,,,,,,,,,,,,,,,,,,,,,,,,,,,,,,,,,,,,,,,,,,,,,,,,,,,,,,,,,,,,,,,,,,,,,,,,,,,,,,,,,,,,,,,,,,,,,,,,,,,,,,,,,,,,,,,,,,,,,,,,,,,,,,,,,,,,,,,,,,,,,,,,,,,,,,,,,,,,,,,,,,,,,,,,,,,,,,,,,,,,,,,,,,,,,,,,,,,,,,,,,,,,,,,,,,,,,,,,,,,,,,,,,,,,,,,,,,,,,,,,,,,
Inscritas em Restos a Pagar não Processados,42,SC,Santa Catarina,391229.53,,,,,,,,,,,,,,,,,,,,,,,,,,,,,,,,,,,,,,,,,,,,,,,,,,,,,,,,,,,,,,,,,,,,,,,,391229.53,,,,,,,,,,,391229.53,,,,,,,,,,,,,,,391229.53,391229.53,,,,,,,,,,,,,,,,,,,,,,,,,,,,,,,,,,,,,,,,,,,,,,,,,,,,,,,,,,,,,,,,,,,,,,,,,,,,,,,,,,,,,,,,,,,,,,,,,,,,,,,,,,,,,,,,,,,,,,,,,,,,,,,,,,,,,,,,,,,,,,,,,,,,,,,,,,,,,,,,,,,,,,,,,,,,,,,,,,,,,,,,,,,,,,,,,,,,,,,,,,,,,,,,,,,,,,,,,,,,,,,,,,,,,391229.53,391229.53,,,,,391229.53
Inscritas em Restos a Pagar não Processados,35,SP,São Paulo,,,,,,,,,,,,,,,,,,,,,,,,,,,,,,,,,,,,,,,,,,,,,,,,,,,,,,,,,,,,,,,,,,,,,,,,,,,,,,,,,,,,,,,,,,,,,,,,,,,,,,,,,,,,,,,,,,,,,,,,,,,,,,,,,,,,,,,,,,,,,,,,,,,,,,,,,,,,,,,,,,,,,,,,,,,,,,,,,,,,,,,,,,,,,,,,,,,,,,,,,,,,,,,,,,,,,,,,,,,,,,,,,,,,,,,,,,,,,,,,,,,,,,,,,,,,,,,,,,,,,,,,,,,,,,,,,,,,,,,,,,,,,,,,,,,,,,,,,,,,,,,,,,,,,,,,,,,,,,,,,,,,,,,,,,,,,,,
Inscritas em Restos a Pagar não Processados,28,SE,Sergipe,,,,,,,,,,,,,,,,,,,,,,,,,,,,,,,,,,,,,,,,,,,,,,,,,,,,,,,,,,,,,,,,,,,,,,,,,,,,,,,,,,,,,,,,,,,,,,,,,,,,,,,,,,,,,,,,,,,,,,,,,,,,,,,,,,,,,,,,,,,,,,,,,,,,,,,,,,,,,,,,,,,,,,,,,,,,,,,,,,,,,,,,,,,,,,,,,,,,,,,,,,,,,,,,,,,,,,,,,,,,,,,,,,,,,,,,,,,,,,,,,,,,,,,,,,,,,,,,,,,,,,,,,,,,,,,,,,,,,,,,,,,,,,,,,,,,,,,,,,,,,,,,,,,,,,,,,,,,,,,,,,,,,,,,,,,,,,,
Inscritas em Restos a Pagar não Processados,17,TO,Tocantins,,,,,,,,,,,,,,,,,,,,,,,,,,,,,,,,,,,,,,,,,,,,,,,,,,,,,,,,,,,,,,,,,,,,,,,,,,,,,,,,,,,,,,,,,,,,,,,,,,,,,,,,,,,,,,,,,,,,,,,,,,,,,,,,,,,,,,,,,,,,,,,,,,,,,,,,,,,,,,,,,,,,,,,,,,,,,,,,,,,,,,,,,,,,,,,,,,,,,,,,,,,,,,,,,,,,,,,,,,,,,,,,,,,,,,,,,,,,,,,,,,,,,,,,,,,,,,,,,,,,,,,,,,,,,,,,,,,,,,,,,,,,,,,,,,,,,,,,,,,,,,,,,,,,,,,,,,,,,,,,,,,,,,,,,,,,,,,
Despesas Orçadas,12,AC,Acre,1606811.33,,,,,,,,,,,,,,,,,,,,,,,,,,,,,,,,,,,,,,,,,,,,,,,,,,,,,,,,,,,,,,,,,,,,,,,,1606811.33,,,,,,,,,,,1606811.33,,,,865452.56,,,,,,,,741358.77,,,,,,,,,,,,,,,,,,,,,,,,,,,,,,,,,,,,,,,,,,,,,,,,,,,,,,,,,,,,,,,,,,,,,,,,,,,,,,,,,,,,,,,,,,,,,,,,,,,,,,,,,,,,,,,,,,,,,,,,,,,,,,,,,,,,,,,,,,,,,,,,,,,,,,,,,,,,,,,,,,,,,,,,,,,,,,,,,,,,,,,,,,,,,,,,,,,,,,,,,,,,,,,,,,,,,,,,,,,,,,,,,,,,,,,,,1606811.33,1606811.33,,,,,1606811.33
Despesas Orçadas,27,AL,Alagoas,9455769.0,,,,,,,,,,,,,,,,,,,,,,,,,,,,,,,,,,,,,,,,,,,,,,,,,,,,,,,,,,,,,,,,,,,,,,,,9455769.0,,,,,,,,,,,7603080.0,,,,,,,,,,,,,,,7603080.0,7603080.0,,,,,,,,,,,,,,,,,,,,,,,,,1852689.0,,,,,,276050.0,,,,,55400.0,,,,,,,,,,,,,,,,,,55400.0,,405000.0,126356.0,,,,113180.0,,,113180.0,,,853523.0,,,,,,,,,853523.0,,,23180.0,,,,,,,,,,,,,,,,,,,,,,,,,,,,,,,,,,,,,,,,,,,,3977335.0,3977335.0,,,,,,,,,,,,,,,,,,,,3977335.0,,,,,,,,,,,,,,,,,,,,,,3500000.0,477335.0,,477335.0,,,,,,,,,,,,,,,,,,,,,,,,,,,,,,,,,,,,,,,,,,,,,,,,,,,,,,,,,,,,13433104.0,13433104.0,,,,,13433104.0
Despesas Orçadas,16,AP,Amapá ,,,,,,,,,,,,,,,,,,,,,,,,,,,,,,,,,,,,,,,,,,,,,,,,,,,,,,,,,,,,,,,,,,,,,,,,,,,,,,,,,,,,,,,,,,,,,,,,,,,,,,,,,,,,,,,,,,,,,,,,,,,,,,,,,,,,,,,,,,,,,,,,,,,,,,,,,,,,,,,,,,,,,,,,,,,,,,,,,,,,,,,,,,,,,,,,,,,,,,,,,,,,,,,,,,,,,,,,,,,,,,,,,,,,,,,,,,,,,,,,,,,,,,,,,,,,,,,,,,,,,,,,,,,,,,,,,,,,,,,,,,,,,,,,,,,,,,,,,,,,,,,,,,,,,,,,,,,,,,,,,,,,,,,,,,,,,,,
Despesas Orçadas,13,AM,Amazonas,100000.0,,,,,,,,,,,,,,,,,,,,,,,,,,,,,,,,,,,,,,,,,,,,,,,,,,,,,,,,,,,,,,,,,,,,,,,,100000.0,,,,,,,,,,,30000.0,,,,,,,,,,,,,,,30000.0,30000.0,,,,,,,,,,,,,,,,,,,,,,,,,70000.0,,,,,,,,,,,10000.0,,,,,,,,,,,,,,,,,,10000.0,,,,,,,,,,,,,60000.0,,,,,,,,,60000.0,,,,,,,,,,,,,,,,,,,,,,,,,,,,,,,,,,,,,,,,,,,,,,,,,,,,,,,,,,,,,,,,,,,,,,,,,,,,,,,,,,,,,,,,,,,,,,,,,,,,,,,,,,,,,,,,,,,,,,,,,,,,,,,,,,,,,,,,,,,,,,,,,,,,,,,,,100000.0,100000.0,,,,,100000.0
Despesas Orçadas,29,BA,Bahia,79652000.0,,,,,,,,,,,,,,,,,,,,,,,,,,,,,,,,,,,,,,,,,,,,,,,,,,,,,,,,,,,,,,,,,,,,,,,,79652000.0,400000.0,,,,,,,,,,68700000.0,,,,,,,,,,,,,,,68700000.0,68700000.0,,,,,,400000.0,,,,,,,,,400000.0,,,,,,,,,,10152000.0,,,,,,50000.0,,,,,10000.0,,,,,,,,,,,,,,,,,,10000.0,,,60000.0,,,,,,,,,,10032000.0,,,,,,,,,10032000.0,,,,,,,,,,,,,,,,,,,,,,,,,,,,,,,,,,,,,,,,,,,,,,,7888470.0,7888470.0,,,,,,,,7888470.0,,,,,,,,,,,,,,,,,,,,,,,,,,,,,,,,,,,,,,,,,,,,,,,,,,,,,,,,,,,,,,,,,,,,,,,,,,,,,,,,,,,,,,,,,,,,,,,,,87540470.0,87540470.0,,,,,87540470.0
Despesas Orçadas,23,CE,Ceará,208176442.23,88128266.0,,,,,,,,,,,,88128266.0,,,,,,,,88123266.0,,88123266.0,,,,,,5000.0,,,,,,,,,,,,,,5000.0,,,,,,,,,,,,,,,,,,,,,,,,,,,,,120048176.23,,,,,,,,,,,50000.0,,,,50000.0,,,,,,,,,,,,,,,,,,,,,,,,,,,,,,,,,,,,,119998176.23,,,,,,,,,,,,,,,,,,,,,,,,,,,,,,,,,,,,7986100.0,,,7986100.0,,,111718076.23,,,,,,,,,111718076.23,,,,,,,,,,,,294000.0,,,,,,,,,,,,,,,,,,,,,,,,,,,,,,,,,,,1419276.29,1419276.29,,,,,,,1135000.0,,,,,,,,,,,,,284276.29,,,,,,,,,,,,,,,,,,,,284276.29,,,,,,,,,,,,,,,,,,,,,,,,,,,,,,,,,,,,,,,,,,,,,,,,,,,,,,,,,,,,,,,,,209595718.52,209595718.52,180000.0,,180000.0,,209415718.52
Despesas Orçadas,53,DF,Distrito Federal,2484533.0,1424533.0,,,,,,,,,,,,1424533.0,,,,,,,,1424533.0,,1424533.0,,,,,,,,,,,,,,,,,,,,,,,,,,,,,,,,,,,,,,,,,,,,,,,,,1060000.0,,,,,,,,,,,,,,,,,,,,,,,,,,,,,,,,,,,,,,,,,,,,,,,,,,,,1060000.0,,,,,,,,,,,,,,,,,,,,,,,,,,,,,,,,,,,10000.0,,,,,,,1050000.0,,,,,,,,,1050000.0,,,,,,,,,,,,,,,,,,,,,,,,,,,,,,,,,,,,,,,,,,,,,,,9800000.0,9800000.0,,,,,,,,,,,,,,,,,,,,,,,,,,,,,,,,,,,,,,,,,,,,,,,,,,,9800000.0,,9800000.0,,,,,,,,,,,,,,,,,,,,,,,,,,,,,,,,,,,,,,,,,,,,,,,,,,,,12284533.0,12284533.0,,,,,12284533.0
Despesas Orçadas,32,ES,Espírito Santo,,,,,,,,,,,,,,,,,,,,,,,,,,,,,,,,,,,,,,,,,,,,,,,,,,,,,,,,,,,,,,,,,,,,,,,,,,,,,,,,,,,,,,,,,,,,,,,,,,,,,,,,,,,,,,,,,,,,,,,,,,,,,,,,,,,,,,,,,,,,,,,,,,,,,,,,,,,,,,,,,,,,,,,,,,,,,,,,,,,,,,,,,,,,,,,,,,,,,,,,,,,,,,,,,,,,,,,,,,,,,,,,,,,,,,,,,,,,,,,,,,,,,,,,,,,,,,,,,,,,,,,,,,,,,,,,,,,,,,,,,,,,,,,,,,,,,,,,,,,,,,,,,,,,,,,,,,,,,,,,,,,,,,,,,,,,,,,
Despesas Orçadas,52,GO,Goiás,,,,,,,,,,,,,,,,,,,,,,,,,,,,,,,,,,,,,,,,,,,,,,,,,,,,,,,,,,,,,,,,,,,,,,,,,,,,,,,,,,,,,,,,,,,,,,,,,,,,,,,,,,,,,,,,,,,,,,,,,,,,,,,,,,,,,,,,,,,,,,,,,,,,,,,,,,,,,,,,,,,,,,,,,,,,,,,,,,,,,,,,,,,,,,,,,,,,,,,,,,,,,,,,,,,,,,,,,,,,,,,,,,,,,,,,,,,,,,,,,,,,,,,,,,,,,,,,,,,,,,,,,,,,,,,,,,,,,,,,,,,,,,,,,,,,,,,,,,,,,,,,,,,,,,,,,,,,,,,,,,,,,,,,,,,,,,,
Despesas Orçadas,21,MA,Maranhão,51260000.0,,,,,,,,,,,,,,,,,,,,,,,,,,,,,,,,,,,,,,,,,,,,,,,,,,,,,,,,,,,,,,,,,,,,,,,,51260000.0,,,,,,,,,,,,,,,,,,,,,,,,,,,,,,,,,,,,,,,,,,,,,,,,,,,,51260000.0,,,,,,,,,,,,,,,,,,,,,,,,,,,,,,,,,,,,,,,,,,,,,,,,,,,,,,,,,,,,,,,,,,,51260000.0,,,,,,,,,,,,,,,,,,,,,,,,,,,,,,,,,,,,,,,,,,,,,,,,,,,,,,,,,,,,,,,,,,,,,,,,,,,,,,,,,,,,,,,,,,,,,,,,,,,,,,,,,,,,,,,,,,,,,,,,,,,,,,,,,,,,,,,,,51260000.0,51260000.0,,,,,51260000.0
Despesas Orçadas,51,MT,Mato Grosso,33300000.0,,,,,,,,,,,,,,,,,,,,,,,,,,,,,,,,,,,,,,,,,,,,,,,,,,,,,,,,,,,,,,,,,,,,,,,,33300000.0,,,,,,,,,,,30000000.0,,,,,,,,,,,,,,,30000000.0,30000000.0,,,,,,,,,,,,,,,,,,,,,,,,,3300000.0,,,,,,500000.0,,,,,200000.0,,,,,,,,,,,,,,,,,,200000.0,,,1500000.0,,,,500000.0,,,500000.0,,,500000.0,,,,,,,,,500000.0,,,,,,,,,,,,100000.0,,,,,,,,,,,,,,,,,,,,,,,,,,,,,,,,,,,700000.0,700000.0,,,,,,,,350000.0,,,,,,,,,,,,350000.0,,,,,,,,,,,,,,,,,,,,,,,350000.0,,350000.0,,,,,,,,,,,,,,,,,,,,,,,,,,,,,,,,,,,,,,,,,,,,,,,,,,,,,,,,,,,,34000000.0,34000000.0,,,,,34000000.0
Despesas Orçadas,50,MS,Mato Grosso do Sul,110315500.0,11000.0,,,,,,,,,,,,11000.0,,,,,,,,,,,,,11000.0,,,,,,,,,,,,,,,,,,,,,,,,,,,,,,,,,,,,,,,,,,,,,,110304500.0,,,,,,,,,,,71169600.0,,,,125000.0,,,,,,,,,,,71044600.0,71044600.0,,,,,,6000000.0,,,,,,,,6000000.0,,,,,,,,,,,33134900.0,,,,,,123200.0,,,,,176500.0,1000.0,,,,,,20500.0,,,,,,,125000.0,,125000.0,,30000.0,,31937000.0,107000.0,,,,84500.0,,,84500.0,,,706700.0,,,,,,,,,706700.0,,,,,,,,,,,,,,,,,,,,,,,,,,,,,,,,,,,,,,,,,,,,,,,1549000.0,1549000.0,,,,,,,125000.0,,,,,1400000.0,,,,,,,,24000.0,,,,,,,,,,,,,,,,,,,,,,,24000.0,,24000.0,,,,,,,,,,,,,,,,,,,,,,,,,,,,,,,,,,,,,,,,,,,,,,,,,,,,,,,,,,,,111864500.0,111864500.0,,,,,111864500.0
Despesas Orçadas,31,MG,Minas Gerais,515091306.0,,,,,,,,,,,,,,,,,,,,,,,,,,,,,,,,,,,,,,,,,,,,,,,,,,,,,,,,,,,,,,,,,,,,,,,,515091306.0,,,,,,,,,,,425431856.0,,,,,,,,,,,,,,,425431856.0,,,425431856.0,,,,,,,,,,,,,,,,,,,,,,,3784282.0,,,,,,,,,,,,,,,,,,,,,,,,,,,,,,,,,,,,,,,,,,,,,,,,,,,,,,,,,,,,,,,,,,,3784282.0,,,,,,,,,,,,,,,,,,,,,,,,,,,,,,85875168.0,70366808.0,70366808.0,,,,,,,,35000000.0,,,,,,,,,,,,,,,,,,,,,,,,,,,,,,,,,,,,,,,,,,,,,,,,,,,,,35366808.0,,,,,,,,,,,,,,,,,,,,,,,,,,,,,,,,,,,,,,,,,,,,585458114.0,585458114.0,,,,,585458114.0
Despesas Orçadas,15,PA,Pará,14200043.0,,,,,,,,,,,,,,,,,,,,,,,,,,,,,,,,,,,,,,,,,,,,,,,,,,,,,,,,,,,,,,,,,,,,,,,,14200043.0,,,,,,,,,,,12000000.0,,,,,,,,,,,,,,,12000000.0,,,12000000.0,,,,250000.0,,,,,,,,,250000.0,,,,,,,,,,1950043.0,,,,,,815084.0,,,,,496815.0,,,,,,,,,,,,,,,,,,496815.0,,,290665.0,,,,53215.0,,,53215.0,,,281370.0,,,,,,,,,281370.0,,,12894.0,,,,,,,,,,,,,,,,,,,,,,,,,,,,,,,,,,,,,,,,,,,,,,,,,,,,,,,,,,,,,,,,,,,,,,,,,,,,,,,,,,,,,,,,,,,,,,,,,,,,,,,,,,,,,,,,,,,,,,,,,,,,,,,,,,,,,,,,,,,,,,,,,,,,,,14200043.0,14200043.0,,,,,14200043.0
Despesas Orçadas,25,PB,Paraíba,3582000.0,,,,,,,,,,,,,,,,,,,,,,,,,,,,,,,,,,,,,,,,,,,,,,,,,,,,,,,,,,,,,,,,,,,,,,,,3582000.0,,,,,,,,,,,,,,,,,,,,,,,,,,,,,,,,,,,,,,,,,,,,,,,,,,,,3542000.0,,,,,,150000.0,,,,,10000.0,,,,,,,,,,,,,,,,,,10000.0,,,1072000.0,,,,10000.0,,,10000.0,,,1030000.0,1030000.0,,,,,,,,,,,30000.0,860000.0,,,860000.0,,,,,,380000.0,,,,40000.0,,,,,,,,,40000.0,40000.0,,,,,,,,,,,,,,,,,,,,110000.0,110000.0,,,,,,,,,,,,,,,,,,,,110000.0,,,,,,,,,,,,,,,,,,,,,,,110000.0,,110000.0,,,,,,,,,,,,,,,,,,,,,,,,,,,,,,,,,,,,,,,,,,,,,,,,,,,,,,,,,,,,3692000.0,3692000.0,,,,,3692000.0
Despesas Orçadas,41,PR,Paraná,181220511.0,36256800.0,,,,,,,,,,,,35100000.0,,,6206179.0,,6206179.0,,,17722359.0,,17722359.0,10799000.0,,165020.0,33600.0,,24000.0,,,,,,,,,,,,,,24000.0,149842.0,,,,,,,149842.0,,,1156800.0,,1156800.0,,,,,,,,,,,,,,,,144963711.0,,,,,,,,,,,86610358.0,,,,,,,,,,,,,,,86610358.0,86610358.0,,,,,,,,,,,,,,,,,,,,,,,,,58353353.0,,,,,,12000.0,200000.0,,,,8825772.0,,,,,,,,,,,,,,,,,,8825772.0,,,100000.0,,,,55000.0,,,55000.0,72000.0,,48722581.0,,,,,,,,,48722581.0,,350000.0,,,,,,,,,,8000.0,8000.0,,,,,,,,,,,,,,,,,,,,,,,,,,,,,,,,,,61058910.0,61058910.0,,,,,,,15000000.0,35000000.0,,,,,,,,,,,,11058910.0,,,,,,,,,,,,,,,,,,,,,,6033910.0,5025000.0,,5025000.0,,,,,,,,,,,,,,,,,,,,,,,,,,,,,,,,,,,,,,,,,,,,,,,,,,,,,,,,,,,,242279421.0,242279421.0,,,,,242279421.0
Despesas Orçadas,26,PE,Pernambuco,8057600.0,,,,,,,,,,,,,,,,,,,,,,,,,,,,,,,,,,,,,,,,,,,,,,,,,,,,,,,,,,,,,,,,,,,,,,,,8057600.0,,,,,,,,,,,7531000.0,,,,,,,,,,,,,,,7531000.0,,6696709.78,834290.22,,,,260000.0,,,,,,,,,260000.0,,,,,,,,,,266600.0,,,,,,86303.17,,,,,31070.48,,,,,,,,,,,,,,,,,,31070.48,,,,,,,,,,,,,,,,,,,,,,,,,20350.74,,,,,,,,,128875.61,,,,,,,,,,,,,,,,,,,,,,,,,,,,,,,,,,,,,,,,,,,,,,,,,,,,,,,,,,,,,,,,,,,,,,,,,,,,,,,,,,,,,,,,,,,,,,,,,,,,,,,,,,,,,,,,,,,,,,,,,,,,,,,,,,,,,,,,,,,,,8057600.0,8057600.0,,,,,8057600.0
Despesas Orçadas,22,PI,Piauí,28375283.0,,,,,,,,,,,,,,,,,,,,,,,,,,,,,,,,,,,,,,,,,,,,,,,,,,,,,,,,,,,,,,,,,,,,,,,,28375283.0,,,,,,,,,,,25792620.0,,,,792620.0,,,,,,,,,,,25000000.0,25000000.0,,,,,,1906310.0,,,,,,,,1906310.0,,,,,,,,,,,676353.0,,,,,,,,,,,76353.0,,,,,,,,,,,,,,,,,,76353.0,,300000.0,,,,,,,,,,,300000.0,,,,,,,,,300000.0,,,,,,,,,,,,,,,,,,,,,,,,,,,,,,,,,,,,,,,,,,,,,,,1200000.0,1200000.0,,,,,,,700000.0,,,,,,,,,,,,,500000.0,,,,,,,,,,,,,,,,,,,,,,400000.0,100000.0,,100000.0,,,,,,,,,,,,,,,,,,,,,,,,,,,,,,,,,,,,,,,,,,,,,,,,,,,,,,,,,,,,29575283.0,29575283.0,,,,,29575283.0
Despesas Orçadas,33,RJ,Rio de Janeiro,631548427.0,,,,,,,,,,,,,,,,,,,,,,,,,,,,,,,,,,,,,,,,,,,,,,,,,,,,,,,,,,,,,,,,,,,,,,,,631548427.0,,,,,,,,,,,625164027.0,,,,625164027.0,,,,,,,,,,,,,,,,,,,,,,,,,,,,,,,,,,,,,6384400.0,,,,,,18000.0,,,,,,,,,,,,,,,,,,,,,,,,,,,,,,,,,,,,6366400.0,,,,,,,,,6366400.0,,,,,,,,,,,,,,,,,,,,,,,,,,,,,,,,,,,,,,,,,,,,,,,10659812.0,10659812.0,,,,,,,,,,,,,,,,,,,,10659812.0,,,,,,,,,,,,,,,,,,,,,,5558707.0,5101105.0,,5101105.0,,,,,,,,,,,,,,,,,,,,,,,,,,,,,,,,,,,,,,,,,,,,,,,,,,,,,,,,,,,,642208239.0,642208239.0,,,,,642208239.0
Despesas Orçadas,24,RN,Rio Grande do Norte,,,,,,,,,,,,,,,,,,,,,,,,,,,,,,,,,,,,,,,,,,,,,,,,,,,,,,,,,,,,,,,,,,,,,,,,,,,,,,,,,,,,,,,,,,,,,,,,,,,,,,,,,,,,,,,,,,,,,,,,,,,,,,,,,,,,,,,,,,,,,,,,,,,,,,,,,,,,,,,,,,,,,,,,,,,,,,,,,,,,,,,,,,,,,,,,,,,,,,,,,,,,,,,,,,,,,,,,,,,,,,,,,,,,,,,,,,,,,,,,,,,,,,,,,,,,,,,,,,,,,,,,,,,,,,,,,,,,,,,,,,,,,,,,,,,,,,,,,,,,,,,,,,,,,,,,,,,,,,,,,,,,,,,,,,,,,,,
Despesas Orçadas,43,RS,Rio Grande do Sul,309360193.42,,,,,,,,,,,,,,,,,,,,,,,,,,,,,,,,,,,,,,,,,,,,,,,,,,,,,,,,,,,,,,,,,,,,,,,,309360193.42,,,,,,,,,,,,,,,,,,,,,,,,,,,,,,,,,,,,,,,,,,,,,,,,,,,,,,,,,,,,,,,,,,,,,,,,,,,,,,,,,,,,,,,,,,,,,,,,,,,,,,,,,,,,,,,,,,,,,,,,,,,,,,,,,,,,,,,,,,,,,,,,,,,,,309360193.42,5275762.78,5275762.78,,,,,,,,,,,,,,,,,,,,5275762.78,,,,,,,,,,,,,,,,,,,,,,,,,,,,,,5275762.78,,,,,,,,,,,,,,,,,,,,,,,,,,,,,,,,,,,,,,,,,,,,,,,,,,,,,,,314635956.2,314635956.2,,,,,314635956.2
Despesas Orçadas,11,RO,Rondônia,,,,,,,,,,,,,,,,,,,,,,,,,,,,,,,,,,,,,,,,,,,,,,,,,,,,,,,,,,,,,,,,,,,,,,,,,,,,,,,,,,,,,,,,,,,,,,,,,,,,,,,,,,,,,,,,,,,,,,,,,,,,,,,,,,,,,,,,,,,,,,,,,,,,,,,,,,,,,,,,,,,,,,,,,,,,,,,,,,,,,,,,,,,,,,,,,,,,,,,,,,,,,,,,,,,,,,,,,,,,,,,,,,,,,,,,,,,,,,,,,,,,,,,,,,,,,,,,,,,,,,,,,,,,,,,,,,,,,,,,,,,,,,,,,,,,,,,,,,,,,,,,,,,,,,,,,,,,,,,,,,,,,,,,,,,,,,,
Despesas Orçadas,14,RR,Roraima,,,,,,,,,,,,,,,,,,,,,,,,,,,,,,,,,,,,,,,,,,,,,,,,,,,,,,,,,,,,,,,,,,,,,,,,,,,,,,,,,,,,,,,,,,,,,,,,,,,,,,,,,,,,,,,,,,,,,,,,,,,,,,,,,,,,,,,,,,,,,,,,,,,,,,,,,,,,,,,,,,,,,,,,,,,,,,,,,,,,,,,,,,,,,,,,,,,,,,,,,,,,,,,,,,,,,,,,,,,,,,,,,,,,,,,,,,,,,,,,,,,,,,,,,,,,,,,,,,,,,,,,,,,,,,,,,,,,,,,,,,,,,,,,,,,,,,,,,,,,,,,,,,,,,,,,,,,,,,,,,,,,,,,,,,,,,,,
Despesas Orçadas,42,SC,Santa Catarina,81000000.0,,,,,,,,,,,,,,,,,,,,,,,,,,,,,,,,,,,,,,,,,,,,,,,,,,,,,,,,,,,,,,,,,,,,,,,,81000000.0,,,,,,,,,,,80800000.0,,,,,,,,,,,,,,,80800000.0,80800000.0,,,,,,,,,,,,,,,,,,,,,,,,,200000.0,,,,,,,,,,,200000.0,,100000.0,100000.0,,,,,,,,,,,,,,100000.0,,,,,,,,,,,,,,,,,,,,,,,,,,,,,,,,,,,,,,,,,,,,,,,,,,,,,,,,,,,,,,,,,,,,,,1100000.0,1100000.0,,,,,,,1000000.0,,,,,100000.0,,,,,,,,,,,,,,,,,,,,,,,,,,,,,,,,,,,,,,,,,,,,,,,,,,,,,,,,,,,,,,,,,,,,,,,,,,,,,,,,,,,,,,,,,,,,,82100000.0,82100000.0,,,,,82100000.0
Despesas Orçadas,35,SP,São Paulo,209559461.0,157060570.0,,,,,,,,,,,,109690399.0,,,,,,,,107174273.0,107174273.0,,,,2516126.0,,,,,,,,,,,,,,,,,,,,,,,,,,,,47370171.0,,47257507.0,,,,112664.0,,,,,,,,,,,,52498891.0,,,,,,,,,,,23004000.0,,,,,,,,,,,,,,,23004000.0,,,23004000.0,,,,,,,,,,,,,,,,,,,,,,,,,,,,,,,,,,,,,,,,,,,,,,,,,,,,,,,,,,,,,,,,,,,,,,,,,,,,,,,,,,,,,,,,,,,29494891.0,,2130912.0,,,,,2130912.0,,,,,,,,,,,27363979.0,,,,,,,,,,,,,,,,,,,,,,,,,,,,,,,,,,,,,,,,,,,,,,,,,,,,,,,,,,,,,,,,,,,,,,,,,,,,,,,,,,,,,,,,,,,,,,,,,,,,,,,,,,,,,,,,,,,,,,209559461.0,209559461.0,,,,,209559461.0
Despesas Orçadas,28,SE,Sergipe,,,,,,,,,,,,,,,,,,,,,,,,,,,,,,,,,,,,,,,,,,,,,,,,,,,,,,,,,,,,,,,,,,,,,,,,,,,,,,,,,,,,,,,,,,,,,,,,,,,,,,,,,,,,,,,,,,,,,,,,,,,,,,,,,,,,,,,,,,,,,,,,,,,,,,,,,,,,,,,,,,,,,,,,,,,,,,,,,,,,,,,,,,,,,,,,,,,,,,,,,,,,,,,,,,,,,,,,,,,,,,,,,,,,,,,,,,,,,,,,,,,,,,,,,,,,,,,,,,,,,,,,,,,,,,,,,,,,,,,,,,,,,,,,,,,,,,,,,,,,,,,,,,,,,,,,,,,,,,,,,,,,,,,,,,,,,,,
Despesas Orçadas,17,TO,Tocantins,,,,,,,,,,,,,,,,,,,,,,,,,,,,,,,,,,,,,,,,,,,,,,,,,,,,,,,,,,,,,,,,,,,,,,,,,,,,,,,,,,,,,,,,,,,,,,,,,,,,,,,,,,,,,,,,,,,,,,,,,,,,,,,,,,,,,,,,,,,,,,,,,,,,,,,,,,,,,,,,,,,,,,,,,,,,,,,,,,,,,,,,,,,,,,,,,,,,,,,,,,,,,,,,,,,,,,,,,,,,,,,,,,,,,,,,,,,,,,,,,,,,,,,,,,,,,,,,,,,,,,,,,,,,,,,,,,,,,,,,,,,,,,,,,,,,,,,,,,,,,,,,,,,,,,,,,,,,,,,,,,,,,,,,,,,,,,,
